[Params]
Version=106
Monitor=34
SMode=111111100
Date=20160525
StartTime=13:56:44.0
Length=00:24:30.5
Interval=1
Upper1=0
Lower1=0
Upper2=0
Lower2=0
Upper3=0
Lower3=0
Timer1=00:00:00.0
Timer2=00:00:00.0
Timer3=00:00:00.0
ActiveLimit=0
MaxHR=180
RestHR=70
StartDelay=0
VO2max=51
Weight=0

[Note]
TT Warm Up

[IntTimes]
00:24:30.5	140	83	154	174
0	0	0	41	112	33
0	0	0	0	0
0	12080	0	280	0	0
0	0	0	0	0	0

[IntNotes]

[ExtraData]

[Summary-123]
1470	0	1470	0	0	0
180	0	0	70
1470	0	1470	0	0	0
180	0	0	70
0	0	0	0	0	0
180	0	0	70
0	1470

[Summary-TH]
1470	0	1470	0	0	0
180	0	0	70
0	1470

[HRZones]
180
162
144
126
108
90
0
0
0
0
0

[SwapTimes]

[Trip]
121
90
1470
19
47
299
462
147

[HRData]
83	0	0	-1	0	50
83	0	0	-1	0	50
85	0	0	-1	0	50
87	0	0	-1	0	50
89	0	0	-1	0	50
90	0	0	-1	0	50
91	0	0	-1	0	50
93	0	0	-1	0	50
95	0	0	-1	0	50
96	70	0	-1	0	50
99	70	0	-1	0	50
101	75	0	-1	0	50
102	91	0	-1	0	50
105	112	0	-1	0	50
107	130	39	-1	41	76
108	151	42	-1	153	583
109	160	50	-1	199	1084
111	177	57	-1	208	1848
112	188	57	-1	208	1848
113	204	69	-1	219	3127
115	216	74	-1	219	3127
116	222	79	-1	222	4152
118	231	84	-1	235	4919
119	236	87	-1	234	5176
121	240	90	-1	223	5939
122	241	92	-1	213	5683
123	241	92	-1	213	5683
123	243	94	-1	208	4916
124	243	95	-1	171	4663
125	243	95	-1	164	5943
126	243	94	-1	159	6202
126	244	95	-1	143	6712
127	245	95	-1	143	6712
127	242	92	-1	151	6969
127	233	92	-1	151	6969
127	224	68	-1	164	7481
127	223	0	-1	0	50
128	224	0	-1	0	50
128	224	87	-1	0	50
128	221	87	-1	0	50
127	221	56	-1	199	6703
127	217	67	-1	199	6703
127	213	0	-1	0	50
127	213	83	-1	0	5682
126	214	83	-1	140	5171
126	215	83	-1	133	4658
126	208	0	-1	0	50
124	197	0	-1	0	50
123	175	0	-1	0	50
122	132	0	-1	0	50
120	114	0	-1	0	50
118	114	0	-1	0	50
118	140	0	-1	0	50
117	150	0	-1	0	50
118	164	57	-1	17	50
119	180	61	-1	293	4661
119	193	66	-1	306	4658
121	213	71	-1	288	4661
121	229	78	-1	289	4408
122	239	84	-1	294	4404
123	248	89	-1	290	4663
124	260	94	-1	275	4406
125	275	99	-1	270	4914
126	282	104	-1	356	6709
127	291	108	-1	343	6454
128	297	112	-1	308	5687
130	301	114	-1	294	6193
131	303	112	-1	294	6718
132	305	105	-1	295	6718
134	306	102	-1	266	5948
135	308	100	-1	260	5436
136	310	101	-1	242	5943
137	311	102	-1	240	6203
138	312	102	-1	238	5944
138	310	102	-1	240	5945
139	307	101	-1	240	5433
139	309	101	-1	219	5687
139	310	101	-1	219	5687
139	306	97	-1	209	5686
139	296	0	-1	0	50
139	279	0	-1	0	50
138	241	0	-1	0	50
137	201	0	-1	0	50
136	174	0	-1	0	50
135	114	0	-1	0	50
134	81	0	-1	0	50
132	65	0	-1	0	50
130	65	0	-1	0	50
129	65	0	-1	0	50
127	0	0	-1	0	50
125	97	0	-1	0	50
123	44	0	-1	0	50
122	44	0	-1	0	50
122	44	0	-1	0	50
121	44	0	-1	0	50
119	62	0	-1	0	50
117	62	0	-1	0	50
116	64	0	-1	0	50
116	105	0	-1	0	50
116	127	0	-1	0	50
116	155	51	-1	124	50
117	182	53	-1	291	7751
118	221	59	-1	327	6721
120	221	66	-1	343	6455
121	228	66	-1	343	6455
123	252	70	-1	346	5949
126	252	78	-1	344	5177
128	272	82	-2	319	4923
130	281	86	-2	326	5175
131	281	89	-2	333	5429
134	290	92	-2	320	5427
136	295	93	-2	302	5170
137	297	95	-2	279	5426
140	299	95	-2	279	5426
141	297	98	-2	264	5682
143	296	97	-2	255	5682
144	299	98	-2	252	5945
146	298	98	-2	255	5940
147	297	98	-2	252	5939
148	296	97	-2	246	5426
149	293	97	-2	237	5173
150	295	97	-2	237	5173
150	295	97	-2	233	4917
151	293	97	-2	223	4405
151	291	96	-2	211	4659
151	284	95	-2	197	4661
151	274	90	-2	189	5169
150	240	0	-2	0	50
150	210	0	-2	0	50
149	147	0	-2	0	50
148	128	0	-2	0	50
147	145	0	-2	0	50
146	164	47	-2	1	50
146	188	51	-2	283	42
146	220	59	-2	366	8752
146	254	68	-2	380	8496
145	264	78	-2	380	8496
146	273	83	-2	380	8496
146	281	87	-2	325	6457
146	287	91	-2	256	5686
147	291	93	-2	239	5180
147	295	95	-2	199	4922
147	296	96	-2	175	6194
146	292	97	-2	173	6449
146	288	95	-2	160	6454
144	275	87	-2	160	6454
144	258	0	-2	160	6454
143	248	0	-3	0	50
143	228	0	-3	0	50
142	201	0	-3	0	50
142	166	0	-3	0	50
140	106	0	-3	0	50
139	121	0	-3	0	50
138	142	42	-3	0	50
138	155	43	-3	171	58
137	171	48	-3	317	9528
137	195	55	-3	317	9528
138	208	62	-3	324	6450
139	234	67	-3	333	6451
140	244	72	-3	342	6195
140	255	76	-3	333	5689
141	263	80	-3	333	5689
142	268	83	-3	345	5940
143	274	86	-3	344	5685
143	280	88	-3	332	5428
144	284	90	-3	321	5684
145	285	92	-3	307	5691
145	287	94	-3	285	5941
146	290	94	-3	264	5680
146	291	94	-3	264	5680
147	291	96	-3	261	6197
147	291	96	-3	232	5940
146	290	96	-3	230	5937
146	288	95	-3	228	6449
146	289	95	-3	226	6708
146	291	96	-3	232	6703
146	303	98	-3	227	6452
146	308	98	-3	227	6452
146	314	102	-3	279	5942
147	318	103	-3	287	5943
147	324	105	-3	291	5689
147	324	107	-3	308	5938
147	321	104	-3	306	5430
148	318	99	-3	287	5688
148	317	85	-3	287	5688
148	319	79	-3	287	5688
148	320	83	-3	278	6452
149	322	88	-3	291	6969
149	324	90	-3	291	5436
149	326	92	-3	295	6202
150	327	94	-3	269	7217
150	328	94	-3	281	6965
151	327	94	-3	290	6968
152	327	94	-3	290	6968
152	328	94	-3	269	7990
152	329	94	-3	269	7990
153	329	94	-3	288	7224
153	328	94	-3	312	6969
153	327	94	-3	306	6716
154	325	94	-3	296	6457
154	325	93	-3	289	6707
154	327	93	-3	289	6707
154	328	94	-3	283	6696
154	329	94	-3	281	6955
154	329	94	-3	275	7721
155	329	94	-3	268	7721
155	330	95	-3	274	7981
156	330	94	-3	275	8242
156	331	95	-3	274	7481
156	331	95	-3	274	7481
157	331	95	-3	259	7223
157	332	95	-3	259	7223
156	333	95	-3	245	8496
156	334	96	-3	255	7972
156	334	96	-3	243	7209
156	332	96	-3	244	8236
156	333	95	-3	258	7470
156	332	95	-3	258	7470
156	331	95	-3	250	7729
156	329	95	-3	252	7467
156	327	94	-3	248	6707
156	327	94	-3	248	6447
156	327	94	-2	250	7213
156	328	94	-2	255	7467
156	329	94	-2	243	6183
156	329	94	-2	243	6183
156	329	95	-2	251	6951
156	329	94	-2	257	8751
156	329	94	-2	249	7479
156	329	94	-2	248	7221
156	327	94	-2	261	7470
157	326	94	-2	268	7219
157	326	94	-2	257	7731
157	327	94	-2	257	7731
157	329	94	-2	247	8497
157	329	94	-2	244	8752
157	328	94	-2	254	6466
157	329	94	-2	238	5922
157	330	95	-2	232	5156
157	331	95	-2	236	5410
157	331	95	-2	246	5414
157	331	95	-2	246	5414
157	330	95	-2	251	6700
157	328	94	-2	280	8242
156	327	94	-2	280	8498
156	329	94	-2	276	9004
156	325	94	-2	255	10543
156	324	93	-1	246	10286
156	324	93	-1	249	10033
156	327	93	-1	240	9777
156	331	93	-1	240	9777
156	332	95	-1	253	6966
156	331	95	-1	263	6706
156	331	95	-1	280	5945
156	332	95	-1	286	5435
157	332	95	-1	291	6196
157	331	95	-1	280	5943
157	330	94	-1	269	6173
157	330	94	-1	269	6173
157	331	95	-1	264	5668
156	331	95	-1	251	5931
156	330	94	-1	247	6186
155	331	95	0	234	6446
155	330	95	0	236	6186
155	330	95	0	234	5683
154	330	94	0	230	5423
154	331	94	0	230	5423
154	332	95	0	224	5681
154	334	95	0	209	5412
154	338	96	0	211	6450
154	340	97	0	225	4408
154	340	98	0	238	4404
154	344	98	0	231	4403
154	349	99	0	231	4403
154	354	99	0	231	4403
154	358	103	0	234	4124
154	361	104	0	250	4913
154	363	104	0	260	4918
154	365	104	0	254	5430
154	365	105	0	243	5164
154	369	105	0	232	5677
154	370	106	0	219	6699
154	371	106	0	219	6699
155	371	106	0	208	5928
155	370	106	0	213	7213
155	369	106	0	208	7216
155	368	101	0	208	6201
155	366	97	0	194	5930
155	364	96	0	182	5420
154	364	93	0	176	6710
154	365	93	0	176	6710
154	368	94	0	169	6959
154	370	95	-1	197	5949
154	371	95	-1	197	5949
154	373	95	-1	214	6970
154	375	96	-1	219	6459
154	376	97	-1	217	6197
154	378	97	-2	215	6448
154	377	97	-2	215	6448
153	380	97	-2	206	6965
153	379	97	-2	218	8500
153	380	97	-2	228	7213
152	381	97	-2	222	6174
152	382	97	-2	227	6443
152	381	98	-2	215	7209
153	379	98	-2	207	7207
153	379	98	-2	207	7207
152	377	97	-3	200	6958
152	374	96	-3	195	7214
152	372	95	-3	206	6706
151	370	95	-3	216	6961
151	368	94	-3	227	7987
151	364	94	-3	218	8249
150	362	93	-3	217	7988
150	361	93	-3	217	7988
150	361	92	-3	211	7471
150	360	92	-3	232	6708
150	361	92	-3	227	7220
151	359	92	-3	221	6446
151	359	92	-3	235	6183
151	361	92	-3	247	5932
152	363	93	-3	248	6193
152	364	93	-3	248	6193
152	369	93	-3	239	7224
152	370	95	-3	238	7482
153	372	95	-3	229	7739
153	375	96	-3	242	7221
153	376	96	-3	248	8245
154	375	96	-3	241	7992
154	374	96	-3	257	7471
154	374	96	-3	257	7471
155	374	96	-3	262	7220
155	375	96	-2	254	7222
155	375	96	-2	256	5932
155	379	96	-2	257	5941
156	380	97	-2	252	5941
156	382	97	-2	257	6192
156	383	98	-2	271	6198
156	384	98	-2	271	6198
156	383	98	-2	242	5929
156	382	98	-2	238	6448
156	381	98	-2	225	6450
156	383	98	-1	225	6450
156	382	98	-1	235	7225
155	384	98	-1	228	6707
155	384	98	-1	238	7731
155	384	98	-1	238	7731
155	384	99	-1	252	7733
155	384	98	-1	239	7732
155	384	98	-1	250	6970
155	384	98	-1	250	7731
156	383	98	-1	254	6190
156	382	98	-1	240	5932
156	380	98	-1	235	6445
156	381	98	-1	235	6445
156	381	98	-1	209	6706
156	379	97	-1	240	7227
156	380	97	-1	242	5698
156	380	97	-1	238	6714
156	381	97	-1	233	6187
156	380	97	-1	221	5665
156	379	97	-1	214	6956
156	379	97	-1	214	6956
156	378	97	-1	208	6457
156	378	97	-1	208	6457
156	378	97	-1	211	5943
156	377	97	-1	203	6966
156	374	96	-1	218	6962
156	373	96	-1	230	7474
156	372	96	-1	245	7731
156	371	96	-1	245	7731
156	373	95	-1	252	7219
156	374	96	-1	280	7209
156	374	96	-1	272	7217
155	375	96	-1	270	7475
155	376	96	-1	273	6954
155	375	96	-1	293	7212
155	375	96	-1	276	7464
156	374	96	-1	276	7464
156	374	96	-1	266	6954
156	372	96	-1	273	7467
157	372	95	-1	291	7984
157	371	95	-1	267	8500
157	368	95	-1	267	8497
157	368	94	-1	253	7465
157	364	94	-1	263	6698
157	363	94	-1	263	6698
157	357	93	-1	259	7723
157	356	93	0	262	7728
157	353	91	0	294	7473
158	351	90	0	286	7988
157	349	90	0	272	7475
157	343	89	0	268	7214
158	341	91	0	251	6171
158	339	91	0	251	6171
158	337	97	0	251	6171
158	337	97	0	269	5941
158	336	96	0	286	6453
159	334	96	1	278	6453
159	333	95	1	278	6453
159	332	95	1	264	6701
159	330	95	1	253	6442
159	329	94	1	261	6705
159	327	94	3	261	6705
159	324	93	3	260	7727
158	324	93	3	265	6705
158	324	93	3	265	6705
158	323	93	3	270	6948
158	322	93	3	282	6959
158	322	93	3	278	5660
158	321	92	3	281	5667
159	320	92	3	281	5667
158	318	92	3	304	5421
159	316	91	3	298	7218
159	314	91	3	294	7215
159	314	90	3	307	6710
159	313	90	3	311	6709
159	312	89	3	320	6187
159	310	89	5	315	5926
159	308	88	5	315	5926
159	307	88	5	292	6189
159	305	87	5	297	5421
159	302	87	5	301	5677
159	300	88	6	273	5151
159	295	90	6	273	5159
160	291	93	6	279	5430
160	290	92	6	268	5681
160	282	92	6	268	5681
160	271	91	8	281	6448
159	265	102	8	230	6452
159	266	98	8	221	6189
159	268	95	8	264	7216
159	265	93	8	306	7729
159	264	92	9	306	8496
159	261	91	9	314	8754
160	256	91	9	314	8754
160	253	88	9	296	7988
160	251	88	9	273	7473
161	248	87	10	281	7220
161	256	87	10	280	6964
161	261	88	10	270	7729
162	268	88	10	270	7729
162	278	88	10	369	6960
162	285	88	12	369	6960
163	290	92	12	405	7219
163	294	93	12	518	7476
164	298	95	12	513	7219
164	303	97	12	523	7217
165	305	98	13	546	8243
165	309	100	13	535	8244
166	311	102	13	521	8498
167	311	102	13	521	8498
167	311	102	13	505	7729
168	311	102	14	474	7476
168	308	102	14	464	7219
169	308	101	14	437	7986
169	309	102	14	446	8241
170	309	102	14	468	8751
170	310	102	16	464	8495
171	308	102	16	464	8495
171	308	101	16	470	8753
171	307	101	16	443	8241
171	305	101	16	439	8243
171	303	100	17	435	7728
171	304	100	17	430	7728
172	305	100	17	419	8244
172	303	100	17	437	8752
172	299	100	17	437	8752
172	298	98	19	427	7217
172	295	97	19	385	6958
172	292	96	19	365	6962
172	290	95	19	349	6702
172	283	94	19	332	6188
172	275	91	21	319	6186
171	275	90	21	298	6188
171	268	90	21	298	6188
171	268	88	21	277	5673
171	271	89	21	282	5932
171	276	89	22	282	5932
171	278	91	22	345	7984
171	279	91	22	366	8497
171	278	92	22	369	8500
171	276	91	22	372	8753
171	274	91	23	372	8753
171	272	90	23	378	8499
171	271	89	23	334	8240
171	272	89	23	321	8243
171	269	89	23	337	8497
171	269	89	25	341	8498
170	267	88	25	327	7985
170	266	88	25	323	7729
170	265	88	25	323	7729
170	268	87	25	313	7728
170	268	88	26	317	7216
170	267	88	26	331	7474
170	265	88	26	327	7219
170	264	87	26	300	6704
169	267	87	26	271	6442
169	267	88	27	272	6443
169	268	88	27	272	6443
169	271	89	27	286	6190
169	274	89	27	286	6190
169	283	90	27	304	6702
169	299	93	27	322	6960
169	310	97	27	385	7728
168	318	100	27	455	6706
169	327	103	27	445	6452
169	336	103	27	445	6452
169	343	106	28	433	6452
169	339	103	28	414	6451
169	325	0	28	0	50
169	318	0	28	0	50
169	311	0	28	0	50
169	306	0	29	0	50
169	299	0	29	0	50
168	292	0	29	0	50
168	285	0	29	0	50
168	279	0	29	0	50
167	274	0	29	0	50
166	269	0	29	0	50
165	262	0	29	0	50
164	257	0	29	0	50
163	253	0	29	0	50
162	247	0	29	0	50
161	242	0	29	0	50
160	239	79	29	0	50
159	237	78	29	85	3357
158	238	78	29	98	3625
156	240	78	29	101	4653
156	244	79	29	105	5170
155	254	81	29	105	5170
154	262	81	29	105	5170
153	267	84	29	159	5174
152	273	86	29	209	4657
151	278	88	29	201	4403
151	284	90	29	203	4403
150	286	91	29	227	4913
150	287	93	29	235	5428
150	286	94	29	223	4660
150	287	94	29	223	4660
149	289	92	29	200	4903
149	290	0	29	0	50
147	289	0	29	0	50
147	288	0	28	0	50
147	302	96	28	0	50
148	302	97	28	207	5165
149	311	99	28	210	4912
149	306	0	28	0	50
150	303	0	28	0	50
151	300	0	28	0	50
151	301	99	28	0	50
150	309	100	28	5	50
150	314	102	28	350	7974
150	322	103	28	318	7210
150	334	106	27	297	6957
149	341	92	27	266	4929
149	344	92	27	266	4929
148	347	86	27	175	5176
147	353	86	27	175	5176
146	358	86	26	146	6189
145	359	87	26	167	5409
144	362	87	26	159	5682
143	366	88	26	158	6191
143	368	88	26	155	5678
142	368	88	25	155	5678
142	368	89	25	149	4662
141	368	89	25	148	4412
140	362	68	25	135	5421
140	355	0	25	0	50
140	346	0	24	0	50
139	337	0	24	0	50
138	328	0	24	0	50
138	330	79	24	0	50
138	336	81	24	203	11315
138	339	81	23	381	7479
138	339	82	23	376	6710
138	348	83	23	376	5686
138	354	86	23	374	5685
138	358	86	23	371	5428
139	364	88	23	319	5424
139	364	88	23	319	5424
139	365	88	23	280	5696
139	369	89	23	232	6202
139	371	89	23	239	7223
140	373	89	21	239	7223
140	371	90	21	214	7477
140	371	90	21	210	7221
141	371	89	21	202	7989
141	375	89	21	202	7989
142	378	90	21	208	7478
142	379	91	21	210	7729
143	380	91	21	201	7474
143	380	91	21	190	7986
144	379	91	21	176	7731
143	380	91	19	165	6962
144	382	92	19	172	8751
144	381	92	19	172	8751
144	380	92	19	177	8498
144	381	92	19	167	9011
143	380	91	18	161	8749
143	381	92	18	160	5935
143	381	92	18	156	5439
143	383	92	18	154	6204
143	384	92	18	145	6451
142	385	92	18	145	6451
141	384	93	18	139	6961
141	387	93	18	134	6450
140	387	93	18	128	5430
139	388	94	18	138	7475
138	388	94	18	144	8242
138	385	93	18	146	7986
137	384	93	18	153	10036
136	378	93	18	153	10036
136	376	91	18	195	10038
136	375	91	16	227	8756
136	373	90	16	224	9017
137	368	89	16	230	8254
138	369	89	16	216	7972
139	366	89	16	222	7737
140	365	89	16	222	7737
141	364	89	16	222	7737
141	362	88	16	312	6705
141	358	87	16	336	6195
142	358	87	16	342	5941
142	356	86	17	324	5937
143	352	85	17	315	6704
144	346	84	17	302	6440
145	345	87	17	313	6701
146	339	87	17	313	6701
147	334	92	17	332	6439
148	329	95	17	384	6192
149	320	94	17	398	5173
150	316	92	17	445	5939
151	311	90	17	446	5683
152	306	89	19	477	5426
153	302	88	19	483	5427
154	296	88	19	483	5427
155	290	84	19	512	6964
156	284	83	19	503	6964
157	280	81	21	470	6964
157	276	80	21	469	7220
158	270	79	21	462	7731
158	267	78	21	462	7731
158	265	76	21	429	7475
159	266	76	22	429	7475
159	271	77	22	348	6966
159	280	78	22	348	6966
159	288	80	22	328	9013
159	295	82	22	310	9525
159	308	84	22	303	10295
159	316	85	22	280	10802
159	323	88	22	280	10802
159	332	88	22	280	10802
159	341	88	22	249	8752
159	347	0	22	0	50
159	355	0	22	0	50
158	366	0	22	0	50
157	378	0	22	0	50
156	383	0	22	0	50
156	384	0	19	0	50
155	395	0	19	0	50
154	413	0	19	0	50
154	439	0	19	0	50
153	444	0	19	0	50
152	439	0	16	0	50
150	425	0	16	0	50
149	410	0	16	0	50
147	390	0	16	0	50
145	368	0	16	0	50
143	355	0	13	0	50
142	322	0	13	0	50
140	307	0	13	0	50
139	297	0	13	0	50
137	291	0	13	0	50
136	289	0	10	0	50
135	287	0	10	0	50
132	284	0	10	0	50
131	282	0	10	0	50
130	279	0	10	0	50
130	277	0	10	0	50
129	263	0	10	0	50
128	246	0	10	0	50
126	231	0	10	0	50
124	215	0	10	0	50
122	186	0	9	0	50
120	171	0	9	0	50
119	171	0	9	0	50
118	160	0	9	0	50
118	145	0	9	0	50
117	136	0	9	0	50
117	121	0	9	0	50
117	121	0	9	0	50
117	119	0	9	0	50
115	114	0	9	0	50
114	116	0	9	0	50
115	126	0	9	0	50
116	141	0	9	0	50
118	177	46	9	114	31
121	200	49	9	440	5165
125	223	55	9	369	4920
128	238	61	9	380	4658
130	250	66	9	380	4658
132	265	70	9	380	4658
136	273	74	9	404	4916
137	297	78	9	430	3884
140	305	81	9	439	4146
141	318	84	9	432	3889
143	320	89	9	444	3631
144	322	90	9	442	3889
145	322	90	9	442	3889
146	326	93	9	376	3625
147	323	93	9	386	3887
148	325	93	9	397	4144
149	325	93	9	386	4145
150	327	93	8	365	3881
151	325	93	8	360	3874
152	320	92	8	334	3877
153	316	92	8	334	3877
153	310	89	8	330	4645
154	296	96	9	355	4654
155	280	105	9	355	4654
156	273	100	9	333	5166
156	258	95	9	348	6703
157	244	93	9	381	5944
158	231	94	11	434	6710
158	224	94	11	434	6710
159	215	95	11	436	6969
159	205	93	11	501	9014
160	198	90	11	507	8755
161	192	87	14	514	8242
161	184	84	14	517	7731
162	178	81	14	513	7221
163	169	78	14	497	6450
164	163	78	14	497	6450
164	157	71	17	462	5682
164	155	69	17	437	5172
166	156	67	17	427	4916
167	158	67	17	405	4402
168	160	69	17	390	3889
169	163	70	19	374	3378
169	168	71	19	369	3377
170	177	71	19	369	3377
171	175	76	19	385	3122
171	176	76	19	385	3122
172	179	76	19	385	3122
172	184	78	21	365	4145
172	186	80	21	349	4658
172	188	81	21	336	4657
172	192	82	21	322	5170
172	196	82	21	322	5170
172	204	77	22	311	5684
172	208	73	22	304	5427
171	215	75	22	307	4916
171	219	77	22	302	4661
171	222	77	22	288	4916
171	228	78	23	279	5173
170	234	81	23	268	5431
170	248	81	23	268	5431
170	257	84	23	228	5428
169	268	87	23	212	5426
169	286	90	23	196	5423
168	306	95	23	196	4911
168	324	101	23	192	4909
167	335	97	23	181	5176
167	352	91	23	168	4417
166	364	91	22	168	4417
166	373	91	22	146	4918
165	384	89	22	153	5437
165	393	88	22	144	5677
164	404	88	22	144	5677
163	415	92	20	139	6192
162	423	94	20	145	7731
161	430	97	20	140	6194
161	437	97	20	140	6194
159	441	99	20	148	5427
159	443	100	18	172	6704
158	443	100	18	198	7728
157	441	100	18	198	7728
156	441	100	18	218	6441
156	437	99	18	237	5685
156	433	99	17	230	5939
156	426	99	17	230	5939
155	423	96	17	223	8499
155	418	95	17	226	8754
155	412	94	17	241	7729
155	410	93	15	244	7215
155	406	92	15	253	7731
156	402	91	15	261	8497
156	392	90	15	248	8756
156	387	90	15	248	8756
156	384	92	15	259	7728
156	379	93	15	257	6697
156	373	91	15	247	7215
157	367	90	15	249	7213
157	366	89	15	256	7218
158	364	88	17	256	7726
158	363	88	17	262	7730
158	361	88	17	262	7730
158	359	87	17	282	7726
158	356	87	17	285	7213
158	354	86	17	293	7218
158	353	85	17	289	7220
159	350	85	17	298	6707
159	350	85	17	291	6196
159	349	84	17	281	6963
159	345	84	18	281	6963
158	343	83	18	291	6708
158	341	82	18	277	6962
158	339	81	18	253	6965
157	333	81	18	254	7218
157	331	81	19	266	6451
157	327	80	19	252	6965
156	326	79	19	236	7221
156	323	79	19	236	7221
155	320	78	19	236	7227
155	318	77	19	236	7988
155	316	77	19	238	7221
155	315	79	19	231	8246
154	315	85	19	240	8245
154	318	88	19	256	8758
155	316	90	21	273	8241
155	314	90	21	273	8241
156	311	90	21	287	8243
156	308	88	21	286	7991
157	307	88	21	273	7471
157	306	88	22	267	8241
157	306	88	22	268	7986
158	305	88	22	266	6441
158	304	87	22	257	5926
158	303	87	22	257	5926
158	302	87	23	254	5925
159	299	87	23	257	6955
159	299	85	23	259	7223
159	296	85	23	259	7223
159	297	85	23	229	7991
159	297	85	23	230	8249
159	296	85	23	250	6967
159	292	85	23	250	6967
159	290	83	23	246	6448
159	288	83	23	236	7218
159	287	82	23	224	6705
159	286	82	23	243	5930
159	286	82	23	243	5930
159	286	82	23	247	5675
159	285	82	23	256	5680
159	283	81	23	267	5936
159	278	81	24	267	5936
159	274	80	24	278	5932
159	267	79	24	280	4912
159	264	77	24	280	4912
159	264	79	24	320	5936
159	267	82	25	320	5936
159	270	83	25	298	5930
159	275	85	25	246	6960
159	277	86	25	246	6960
159	278	88	26	230	7213
159	280	88	26	226	7217
159	281	89	26	211	7472
159	285	90	26	211	7472
159	287	91	26	203	6185
159	288	92	26	225	6691
159	285	90	26	235	6456
160	274	90	26	235	6456
159	270	87	26	238	5936
160	267	86	26	300	5679
159	267	85	26	370	6450
160	265	84	28	375	6706
160	266	84	28	370	6959
160	267	84	28	359	7211
160	268	85	28	377	7215
161	270	85	28	377	7215
161	274	85	28	403	7215
161	275	87	28	384	6183
161	279	87	28	384	6183
161	285	89	28	391	5680
161	291	92	28	356	6191
162	297	93	28	353	5940
162	302	95	28	343	5681
162	308	95	28	343	5681
162	315	100	28	340	6703
163	327	102	30	296	8236
163	337	103	30	302	7722
163	343	105	30	309	7213
163	349	107	30	323	8239
163	354	109	30	293	7467
164	355	106	30	296	5674
164	356	106	30	296	5674
164	359	102	30	283	5159
164	362	103	30	267	4901
165	364	104	30	258	5161
165	368	105	30	237	4899
165	371	106	30	241	5425
165	373	107	30	236	5677
166	375	108	30	230	6191
166	379	108	30	230	6191
166	384	103	30	232	5934
166	386	100	30	230	5675
166	389	99	30	221	6446
166	392	100	30	228	7478
166	394	101	30	213	6966
165	398	102	30	203	6453
165	406	103	28	198	8758
165	412	103	28	198	8758
165	418	105	28	209	7991
164	424	107	28	251	6707
164	426	109	28	259	5671
164	433	110	26	254	5685
165	438	112	26	240	5435
165	450	114	26	267	4922
165	455	112	26	277	4401
165	459	112	26	277	4401
165	460	111	24	281	4907
165	462	111	24	337	5430
166	458	110	24	324	5940
166	452	110	24	315	6190
166	451	109	24	311	5681
167	451	109	23	292	5419
167	452	109	23	302	5430
167	452	109	23	302	5430
168	447	109	23	297	5939
168	442	107	23	375	5170
168	434	106	22	356	4389
168	431	105	22	341	4909
169	424	103	22	378	5173
169	419	101	22	378	5686
169	417	101	22	378	5686
169	417	101	23	378	5686
170	416	100	23	374	5422
170	415	100	23	366	5940
170	411	99	23	408	6185
170	410	99	23	401	6447
170	410	99	23	406	6187
171	404	99	23	411	5672
171	399	100	23	400	6195
171	395	100	23	400	6195
171	391	102	23	377	5935
171	387	100	23	352	5940
171	387	100	23	354	6456
171	384	99	23	365	6187
171	384	99	23	389	5424
171	384	99	23	366	5679
172	382	98	24	356	4388
172	383	98	24	356	4388
172	381	98	24	364	4906
172	379	97	24	350	3877
172	378	97	24	353	4652
172	377	97	24	349	3873
172	379	97	24	335	4127
172	381	98	24	335	4127
172	384	98	24	402	5162
173	386	98	24	402	5162
173	388	99	25	410	4399
173	391	100	25	386	5936
173	389	100	25	374	5428
173	387	100	25	366	4916
173	384	99	25	373	5167
173	383	99	25	348	5682
173	380	98	25	303	5426
173	381	98	25	303	5426
173	384	98	25	292	6451
173	384	98	25	283	6455
173	384	99	25	299	7210
173	387	99	25	301	7465
173	390	100	25	290	7722
173	388	100	25	310	6956
173	387	100	25	296	6453
173	388	100	25	296	6453
173	390	100	25	269	6448
173	392	100	25	264	5667
173	393	101	25	271	5166
173	392	101	25	255	6186
173	391	100	25	266	5931
174	392	101	25	260	6192
174	390	100	25	279	6955
174	386	100	25	279	6955
174	383	100	25	273	6697
174	381	97	24	278	4885
174	380	98	24	263	5432
174	378	96	24	279	5167
174	376	97	24	294	5936
174	373	96	24	311	6192
174	371	95	24	297	5926
174	369	95	24	297	5926
174	364	95	24	297	5926
174	362	93	24	284	5671
174	356	92	24	311	5673
174	354	91	24	311	5673
173	352	96	24	309	6443
173	350	99	24	313	7475
173	350	100	24	314	7983
173	349	100	24	302	7476
173	350	100	25	302	7476
173	350	100	25	315	7473
173	350	100	25	324	7219
173	348	100	25	327	5424
173	346	99	25	327	5424
173	348	100	25	326	5411
173	347	99	25	339	5925
173	346	99	25	369	5937
173	341	99	25	369	5937
173	338	97	25	341	5141
173	337	96	27	323	4637
173	329	95	27	329	5413
173	324	95	27	341	5674
173	319	93	27	327	6708
173	317	92	27	333	6448
174	315	91	27	353	6705
174	309	91	27	353	6705
174	306	93	27	325	5164
174	305	95	27	306	4375
174	304	96	27	300	4636
174	304	96	28	293	5411
174	305	96	28	282	5154
174	305	97	28	265	5672
174	304	96	28	259	6701
174	305	96	28	259	6701
174	306	97	29	261	4650
174	306	97	29	263	5671
174	305	97	29	259	6182
174	305	97	29	261	4900
174	303	96	29	254	4648
174	303	96	29	251	4898
174	305	96	29	243	5153
173	305	96	29	243	5153
173	306	97	29	231	4638
173	308	97	29	248	4643
173	311	98	31	245	6443
173	311	99	31	231	6958
173	313	99	31	231	6958
173	313	99	31	241	5156
172	313	99	31	247	5156
172	313	96	31	247	4644
172	313	93	31	242	4908
172	313	91	31	225	4905
172	312	89	31	233	4651
171	311	89	31	229	5162
172	311	89	32	216	6448
171	311	89	32	215	6443
171	313	90	32	223	6187
170	314	90	32	223	6187
170	313	90	32	237	7209
170	314	90	32	228	7211
169	314	90	32	223	6954
169	314	90	32	226	7211
169	316	91	32	223	7467
169	318	91	32	223	7467
168	319	91	31	228	7986
168	319	92	31	228	7986
167	320	92	31	230	7217
167	321	92	31	221	6956
167	322	92	31	212	6439
167	322	92	31	213	6187
166	324	93	31	205	5940
166	327	93	31	192	5426
166	329	94	31	187	5674
166	331	94	31	187	5674
165	332	95	31	188	5937
165	337	96	31	188	5937
165	338	96	31	193	5429
164	338	97	31	197	5427
164	340	97	31	194	6192
163	340	97	31	196	6964
162	339	97	31	198	6451
162	338	97	31	198	6451
162	338	97	31	210	5672
162	338	97	31	202	6189
161	337	96	31	192	5931
161	336	96	31	191	5686
160	335	96	31	199	6454
159	335	96	31	198	6707
159	335	96	31	197	5925
158	335	96	31	197	5925
157	336	96	31	190	5672
157	337	97	31	185	6697
156	341	97	31	185	6701
156	344	98	31	196	6184
155	347	98	31	196	6184
154	350	100	31	186	5948
154	353	101	31	208	4919
154	356	101	31	208	4919
154	356	101	31	214	4918
154	357	102	31	214	6192
154	358	102	31	208	6701
154	357	102	31	197	6964
154	356	102	31	202	6963
154	356	102	31	185	6972
153	358	102	31	185	6708
153	359	102	31	185	6708
153	360	103	31	188	6186
153	360	103	31	186	6444
153	359	103	31	181	5933
153	358	103	31	193	6197
153	358	102	30	189	6196
154	357	103	30	191	6453
153	354	102	30	190	6446
153	353	102	30	190	6446
153	351	101	30	186	6706
153	351	101	30	191	5178
153	354	101	30	200	4654
153	361	102	30	200	4654
154	371	102	30	238	5162
154	380	98	30	341	4913
154	384	98	30	385	5425
155	389	98	30	385	5425
155	394	100	30	358	5422
156	399	102	30	352	5935
157	403	103	30	338	5932
157	404	104	30	325	4899
158	404	104	30	307	5411
159	402	104	30	296	5670
159	397	103	30	285	4908
159	395	103	30	285	4908
160	393	102	28	258	5936
160	388	100	28	280	6444
160	384	99	28	271	7980
161	381	98	28	267	8238
161	375	97	28	256	8753
161	371	96	27	247	7730
161	368	95	27	255	8498
162	363	95	27	255	8498
162	358	92	27	273	7222
162	354	91	27	274	7220
162	349	90	27	286	7218
162	346	88	27	272	7216
161	339	87	27	278	6184
161	336	86	27	255	6962
161	343	86	27	248	6195
161	350	86	27	248	6195
161	358	91	27	263	5683
161	365	97	27	345	6185
162	370	101	27	355	6693
162	371	104	27	370	6433
162	368	106	26	356	4896
163	365	105	26	359	5677
163	363	104	26	379	4920
164	362	104	26	349	4658
164	363	104	26	349	4658
165	362	104	26	297	4391
165	361	104	26	302	4134
166	358	103	26	301	4116
166	356	102	26	298	4904
166	354	101	26	291	4137
167	350	101	26	298	4656
167	350	100	26	303	5429
168	346	100	26	303	4405
168	343	99	26	306	4909
168	344	98	26	284	5165
168	344	99	26	292	5411
169	343	99	26	292	5411
169	343	98	26	293	4900
169	341	98	26	299	5161
169	337	97	26	288	4905
169	335	97	27	288	4905
169	334	96	27	280	4374
169	337	97	27	304	4901
169	339	97	27	329	5413
169	344	98	27	316	4908
169	348	100	28	316	4908
169	354	101	28	369	5678
169	356	102	28	431	6187
169	350	102	28	431	6187
169	348	100	28	375	6965
170	345	100	28	341	6704
170	343	99	28	324	6702
170	343	98	28	281	5933
170	349	98	28	266	6192
170	354	100	28	277	5176
170	357	102	28	277	5176
170	360	103	28	277	5176
170	364	104	28	349	6190
170	364	104	28	353	6185
170	364	104	28	345	5418
170	365	104	29	357	5164
170	364	104	29	330	5420
170	362	104	29	322	5427
170	363	104	29	289	5408
170	361	104	29	289	5408
170	355	103	29	246	5679
170	354	102	29	248	6702
170	351	101	29	230	6188
170	346	100	29	243	5684
170	341	99	29	240	5677
170	339	98	29	223	6194
170	335	97	29	235	4658
170	331	97	29	235	4658
170	325	94	29	223	6448
170	320	93	29	223	6704
170	316	91	31	208	5926
170	314	90	31	222	5420
169	318	91	31	227	5420
169	315	91	31	257	6447
169	314	90	31	256	6705
169	315	90	31	256	6705
169	312	89	31	245	6188
169	308	89	31	260	5933
168	308	88	31	252	6188
168	308	88	31	244	6190
168	307	88	31	258	6193
168	305	88	31	264	6191
168	301	87	31	256	5679
168	299	87	31	256	5679
168	293	85	31	239	5416
168	286	81	31	239	6184
167	276	0	31	0	50
167	270	0	31	0	50
167	269	0	31	0	50
166	260	0	31	0	50
166	256	0	31	0	50
165	246	0	31	0	50
164	234	0	31	0	50
163	217	0	31	0	50
162	208	0	31	0	50
161	197	0	31	0	50
160	191	56	31	117	2604
159	192	55	31	146	2868
158	188	56	31	146	2868
157	183	56	31	146	2868
157	177	68	31	172	3639
156	170	69	33	193	4928
155	160	67	33	223	4921
155	140	67	33	223	4921
155	133	60	33	263	5173
155	120	56	33	260	4665
155	126	52	34	260	4665
155	124	52	34	260	4665
155	123	49	34	291	4147
154	123	49	34	303	4147
154	124	49	34	294	2866
154	124	49	36	294	2866
155	121	48	36	313	3378
155	120	47	36	308	3891
156	124	47	36	317	4405
156	123	47	36	317	4405
156	122	48	37	308	4148
157	120	48	37	308	4148
157	118	48	37	308	3891
158	118	46	37	310	4143
158	116	46	37	310	4143
159	114	45	39	329	3631
159	115	44	39	307	3378
160	122	45	39	281	2867
160	122	45	39	281	2867
160	116	47	39	281	2867
160	115	45	40	284	2612
160	116	43	40	235	2869
160	115	43	40	216	3125
160	122	47	40	216	3125
159	132	50	40	222	3384
159	137	53	41	227	3381
159	142	55	41	227	3381
159	157	55	41	228	3635
159	157	62	41	227	3383
159	172	67	41	227	3383
159	177	67	41	227	3383
159	180	75	41	244	3636
159	185	77	41	241	4407
159	189	77	41	241	4407
158	194	79	41	241	4660
158	198	83	42	231	5169
158	206	85	42	227	5426
157	209	87	42	219	5682
156	210	89	42	214	6193
155	212	91	42	203	6193
155	213	92	43	190	5677
154	218	92	43	190	5677
154	221	93	43	188	5424
153	224	97	43	184	4910
153	230	98	43	168	5416
153	238	99	43	176	5175
152	245	101	43	170	4916
152	248	103	43	189	4404
152	247	103	43	196	4150
151	245	103	43	196	4150
150	240	86	43	193	4400
149	241	84	43	193	4400
149	242	95	43	173	4387
148	244	86	43	180	4915
148	247	85	43	180	4915
148	253	97	43	154	5426
148	257	96	43	168	5430
148	263	93	43	146	5429
148	263	92	43	146	5429
148	253	91	43	144	5947
148	244	84	43	135	6206
146	244	0	43	0	50
145	215	0	43	0	50
144	205	0	43	0	50
143	194	69	43	0	50
142	190	69	45	8	64
142	185	69	45	8	64
142	182	64	45	144	6451
141	173	61	45	98	7219
141	112	0	45	0	50
140	112	0	45	0	50
139	49	0	45	0	50
138	60	0	45	0	50
138	91	0	45	0	50
137	130	0	45	0	50
137	149	39	45	155	53
137	166	47	45	253	9784
137	200	55	45	250	7225
137	200	62	45	257	5942
138	229	69	45	259	5173
138	237	74	45	280	5172
139	243	79	45	275	5428
139	246	79	45	275	5428
140	247	84	45	250	5170
140	246	84	45	250	5170
141	246	86	45	206	4654
142	252	86	45	202	5169
142	257	88	45	202	5169
142	262	0	45	0	50
142	262	0	45	0	50
143	257	0	45	0	50
143	254	89	45	0	50
144	249	88	45	397	6962
144	248	88	45	397	6962
145	247	86	45	332	6708
146	246	86	45	333	6706
146	244	85	45	311	6448
147	233	84	45	300	6195
147	223	84	45	300	6195
147	216	80	45	285	5684
147	216	78	45	230	5429
147	217	76	46	239	5429
147	218	76	46	264	5427
147	214	76	46	258	5171
147	208	64	46	258	5171
147	180	0	46	0	50
147	150	0	47	0	50
146	117	0	47	0	50
146	118	0	47	0	50
146	144	47	47	4	50
146	158	49	47	182	53
145	189	55	47	125	4659
145	229	57	47	125	4659
144	267	0	47	0	50
144	354	0	47	0	50
143	380	0	47	0	50
142	408	0	45	0	50
141	408	0	45	0	50
140	389	0	45	0	50
139	364	0	45	0	50
139	331	0	45	0	50
138	288	0	41	0	50
137	255	0	41	0	50
136	224	0	41	0	50
134	196	0	41	0	50
133	179	0	41	0	50
131	164	0	39	0	50
129	114	0	39	0	50
128	95	0	39	0	50
127	78	0	39	0	50
127	60	0	39	0	50
126	51	0	39	0	50
126	51	0	39	0	50
127	90	0	39	0	50
127	107	0	39	0	50
129	133	41	39	105	55
130	147	42	37	105	55
131	161	50	37	196	5427
132	181	50	37	196	5427
134	195	70	37	251	5685
134	215	80	37	245	5944
135	228	88	37	307	6209
136	235	95	37	307	6209
138	242	99	37	359	6211
139	241	103	37	362	6208
141	231	103	37	405	6453
142	217	103	37	405	6453
145	189	94	37	437	5683
146	178	88	37	430	5684
148	171	82	37	463	5426
150	162	77	37	500	5424
152	147	73	40	505	5680
153	139	69	40	514	5427
155	137	65	40	490	5170
156	138	63	40	480	4657
157	136	63	40	480	4657
158	131	59	43	481	5685
159	136	56	43	438	5435
160	124	58	43	447	5689
161	112	55	43	466	5941
162	98	51	43	466	5941
162	99	48	45	466	5941
163	103	47	45	416	6196
163	121	47	45	416	6196
164	128	54	45	364	5172
164	153	54	45	348	5172
164	153	65	47	353	5171
164	181	72	47	343	4917
165	192	79	47	317	4659
165	204	86	47	290	4662
165	211	91	47	249	4918
166	222	97	47	249	4918
166	232	102	47	247	5176
166	243	105	47	231	5682
167	254	103	47	215	5179
167	259	94	47	215	5179
167	262	86	46	183	5683
167	264	77	46	147	5943
167	266	69	46	123	5179
168	268	64	46	123	5687
167	270	62	46	118	5431
167	275	62	44	111	5431
167	280	63	44	105	6202
166	279	45	44	0	50
166	263	38	44	0	50
166	264	45	44	53	57
165	270	53	44	217	6203
165	278	53	44	217	6203
163	289	60	44	230	5434
162	297	74	44	234	6452
161	302	80	44	233	6711
160	306	83	43	267	6450
159	306	86	43	279	5416
158	306	88	43	279	5416
158	303	87	43	261	5672
157	303	87	43	261	5672
157	301	86	43	249	5671
157	301	86	43	234	5928
157	305	87	43	248	5923
157	315	89	43	239	6438
157	324	90	43	221	6953
157	331	92	43	196	5931
157	334	93	43	190	6191
157	331	93	43	190	6191
156	327	95	43	194	6964
156	322	93	43	194	6705
155	320	92	43	202	7472
155	316	91	43	198	6198
154	317	90	43	205	5168
154	318	91	43	213	5163
154	322	92	43	224	5678
154	327	92	42	224	5678
154	331	95	42	234	4904
154	334	95	42	296	4399
154	337	96	42	329	5165
155	341	97	42	319	4399
155	345	99	42	312	3878
156	353	100	42	305	4389
157	353	101	42	304	5165
157	353	101	42	304	5165
158	354	101	42	291	5940
158	355	101	41	290	6196
158	354	102	41	263	6452
159	347	102	41	263	6452
159	339	0	41	0	50
159	339	0	41	0	50
158	339	0	40	0	50
158	342	0	40	0	50
158	343	0	40	0	50
158	350	0	40	0	50
158	348	0	40	0	50
157	345	0	40	0	50
156	332	0	37	0	50
155	316	0	37	0	50
154	297	0	37	0	50
153	277	0	37	0	50
152	253	0	35	0	50
151	213	0	35	0	50
149	191	0	35	0	50
148	169	0	35	0	50
147	141	0	35	0	50
146	120	0	34	0	50
144	82	0	34	0	50
144	82	0	34	0	50
143	41	0	34	0	50
142	41	0	34	0	50
141	41	0	33	0	50
141	41	0	33	0	50
