[Params]
Version=106
Monitor=34
SMode=000000000
Date=20160725
StartTime=13:56:44.0
Length=00:24:30.5
Interval=238
Upper1=0
Lower1=0
Upper2=0
Lower2=0
Upper3=0
Lower3=0
Timer1=00:00:00.0
Timer2=00:00:00.0
Timer3=00:00:00.0
ActiveLimit=0
MaxHR=180
RestHR=70
StartDelay=143
VO2max=51
Weight=0

[Note]

[IntTimes]
00:24:30.5	140	83	154	182
0	0	0	0	112	33
0	0	0	0	0
0	0	0	280	0	0
0	0	0	0	0	0

[IntNotes]

[ExtraData]

[Summary-123]
1468	0	1468	0	0	0
180	0	0	70
0	0	0	0	0	0
180	0	0	70
0	0	0	0	0	0
180	0	0	70
0	3772

[Summary-TH]
1468	0	1468	0	0	0
180	0	0	70
0	3772

[HRZones]
180
162
144
126
108
90
0
0
0
0
0

[SwapTimes]

[HRData]
718
726
702
664
629
657
646
603
611
596
579
576
579
571
565
561
558
560
548
542
531
534
531
529
521
522
523
517
514
508
511
510
497
503
500
497
490
492
491
487
483
484
484
480
478
478
479
477
473
473
474
473
471
469
471
468
465
466
467
469
467
469
472
476
471
471
472
477
466
462
459
464
472
476
478
472
472
477
477
475
474
478
476
476
478
479
482
482
486
492
499
497
502
514
526
523
525
530
534
522
520
519
512
503
500
501
489
491
491
483
481
486
482
478
479
482
474
472
475
471
465
466
467
461
456
459
457
454
447
449
448
445
439
442
440
437
436
433
436
431
429
429
431
428
426
428
429
428
424
427
429
428
426
429
432
431
428
431
435
436
437
435
440
444
440
441
445
450
452
454
451
456
461
467
474
479
484
479
480
483
492
498
505
506
509
512
510
497
496
504
512
546
532
538
538
537
521
531
522
521
512
518
513
501
493
494
487
482
475
477
475
464
463
464
455
452
449
449
444
437
440
437
436
428
429
429
425
418
421
416
415
412
410
413
409
405
406
407
405
400
404
401
403
399
396
400
400
397
396
396
397
396
395
394
398
396
395
395
395
397
397
396
396
401
404
402
400
404
409
410
408
408
412
420
415
409
415
417
414
414
410
416
415
416
412
412
413
415
411
409
410
413
410
409
405
407
408
406
405
407
410
410
410
410
413
418
415
416
419
424
426
421
423
424
426
424
422
421
425
427
430
431
433
438
439
439
440
443
445
445
440
442
441
438
437
433
434
429
426
425
425
424
421
422
421
421
416
420
419
418
414
414
413
414
413
409
413
412
409
407
409
409
406
407
408
409
407
406
407
408
412
406
407
412
413
411
413
410
410
415
416
414
408
411
414
411
411
407
411
408
403
409
406
404
404
408
405
402
407
406
407
403
402
404
405
403
401
404
402
401
400
399
403
396
400
399
399
398
395
398
397
396
393
396
393
393
390
394
392
390
388
392
390
390
387
392
391
388
388
390
392
389
385
393
391
391
387
390
390
389
388
385
388
391
384
385
385
387
383
382
386
384
381
382
383
384
382
378
380
379
385
386
383
382
383
386
385
382
385
384
385
382
385
387
384
383
385
388
383
383
385
385
384
383
386
385
384
384
386
386
384
383
388
386
386
382
386
388
384
384
386
385
383
382
388
385
382
383
383
385
380
384
382
383
382
382
382
381
379
385
383
382
377
383
384
382
381
382
385
382
380
385
383
383
381
384
385
381
379
386
384
383
379
385
387
383
383
384
387
386
382
387
384
388
384
385
388
385
383
387
386
386
380
387
386
384
383
384
385
384
379
385
383
385
380
382
383
383
383
381
384
383
382
383
383
386
383
382
387
386
388
384
389
392
387
388
390
392
387
391
391
391
389
388
390
392
387
389
389
390
388
387
390
389
388
391
390
392
391
390
390
392
389
390
392
391
386
391
390
388
387
388
390
389
387
389
389
388
385
391
389
389
387
388
390
389
386
386
389
388
383
387
387
387
386
384
389
389
387
386
389
393
389
389
392
391
391
390
393
391
391
387
392
394
390
391
391
391
390
387
392
391
390
389
391
393
392
391
393
394
395
394
395
396
396
394
395
397
396
395
395
391
394
392
391
390
393
396
394
396
397
399
396
398
398
396
397
398
399
397
398
401
399
401
401
403
402
398
405
403
401
398
400
400
396
397
397
398
393
396
395
396
394
393
394
394
391
394
392
393
390
393
396
391
390
392
392
391
387
391
391
390
387
389
388
387
385
386
387
386
383
387
385
385
382
382
389
386
386
385
384
386
385
385
385
386
386
383
386
388
385
385
386
386
384
383
385
386
383
382
385
388
384
386
388
389
387
389
392
388
387
390
389
389
387
385
388
385
385
383
386
384
383
381
383
385
379
379
384
383
386
382
381
387
386
385
385
386
386
383
385
383
387
383
383
385
386
383
385
384
387
384
383
384
384
382
383
384
385
382
383
383
386
383
384
384
385
385
384
388
385
383
386
386
385
383
385
388
385
385
387
389
390
387
389
388
389
384
386
386
387
380
381
381
385
384
384
382
381
384
383
381
381
384
384
380
383
384
383
381
383
383
380
381
384
381
379
381
379
382
378
381
381
381
380
382
383
381
380
383
381
380
379
381
380
378
379
379
380
376
376
379
378
377
377
378
378
377
375
378
378
378
376
376
379
377
377
380
381
379
375
381
382
379
378
379
384
382
378
382
380
381
377
382
380
380
376
378
380
378
374
380
376
380
374
376
378
378
376
375
378
377
374
379
378
377
377
378
376
378
377
376
377
380
376
374
378
377
375
372
376
379
372
376
375
375
374
373
375
377
373
375
376
378
375
376
379
381
376
377
379
379
375
376
380
378
376
374
377
378
374
373
376
374
373
369
371
373
368
369
373
370
369
368
371
368
366
372
368
367
367
369
367
365
368
366
364
365
365
365
360
365
362
359
361
362
357
358
358
359
354
359
356
354
354
357
353
351
355
354
350
354
351
352
349
352
351
346
353
349
347
350
349
346
349
349
350
346
350
350
345
347
351
349
344
353
349
348
347
348
352
344
352
350
347
350
350
348
346
350
351
346
351
349
348
347
348
351
346
351
349
350
347
350
350
352
349
350
351
353
349
351
352
351
349
353
352
349
350
351
353
350
351
353
353
349
353
352
352
351
353
352
351
347
354
354
351
350
353
354
352
349
354
354
351
351
353
354
353
349
354
354
349
353
353
354
351
354
355
354
351
354
354
355
357
352
355
354
356
353
355
357
354
353
357
356
353
357
355
355
354
357
359
354
354
356
358
356
356
358
357
356
358
361
354
357
359
357
355
359
357
354
357
355
356
353
358
356
354
354
354
356
355
354
358
354
357
353
355
356
359
354
356
357
357
355
354
363
359
359
356
361
362
365
360
364
365
369
368
368
369
374
373
370
371
374
375
374
373
375
377
378
376
378
380
380
378
383
385
387
389
387
391
395
391
388
391
395
393
391
395
397
402
398
399
401
400
400
401
404
399
399
404
404
399
402
404
399
401
402
404
400
404
402
404
404
416
416
415
412
415
412
406
405
402
401
396
403
398
396
401
395
395
396
393
392
396
401
397
401
403
401
406
405
399
401
403
401
398
404
405
407
405
406
407
408
414
415
413
415
418
422
422
423
423
427
423
423
424
426
422
424
428
425
429
428
431
429
432
433
437
437
436
430
430
432
440
440
439
441
439
437
437
437
433
434
438
437
432
434
433
433
435
429
430
433
431
434
431
431
431
433
428
429
429
429
428
429
427
428
425
428
429
425
425
423
423
421
422
418
418
420
416
415
415
416
412
417
416
415
417
418
419
419
416
418
417
416
417
418
419
420
418
420
421
421
420
417
418
420
421
418
422
423
422
426
428
429
429
432
432
436
434
437
438
437
438
439
439
439
444
444
447
448
449
450
448
443
441
438
438
432
431
432
427
430
424
427
423
423
422
423
420
422
421
422
420
421
425
420
419
418
418
415
413
413
411
410
409
408
404
404
405
403
401
399
403
398
396
396
396
397
392
392
394
392
388
389
390
388
384
386
384
384
380
383
381
380
377
380
379
379
374
380
377
378
374
379
378
376
373
378
379
375
373
376
379
374
376
374
379
375
374
377
377
376
375
378
377
377
374
378
380
377
374
376
380
377
378
377
379
385
379
378
380
384
390
387
388
383
388
391
388
387
389
392
393
390
395
396
397
394
396
400
400
400
401
405
409
409
413
415
421
422
424
425
433
435
438
435
437
438
440
445
449
446
448
449
449
453
463
468
475
472
472
475
470
469
468
465
467
476
477
483
486
490
494
505
515
517
518
530
530
522
522
526
523
516
515
515
518
508
506
513
519
529
550
540
536
543
522
513
502
486
481
475
466
465
456
450
447
444
438
437
433
429
429
426
425
417
418
417
417
417
414
412
412
411
411
406
407
409
404
405
404
404
404
399
404
398
399
399
397
394
396
394
391
393
392
390
388
390
391
388
386
388
385
386
384
385
384
381
385
383
380
382
381
379
375
379
381
376
374
374
375
373
369
373
371
370
369
368
370
368
364
368
366
364
360
363
363
361
357
363
356
359
354
358
360
354
457
354
356
347
351
352
353
350
345
350
349
347
346
350
346
347
346
346
351
345
342
346
347
345
343
345
347
345
344
346
346
349
347
346
346
352
348
345
350
351
350
347
351
351
353
348
351
352
353
351
349
354
354
352
353
354
357
352
354
355
356
354
354
356
359
356
354
356
357
360
362
359
359
359
365
360
362
365
361
363
366
367
365
367
365
369
366
365
369
368
365
370
370
372
370
371
373
372
370
374
373
372
376
376
377
375
379
382
379
380
381
383
381
384
384
384
384
387
389
385
389
387
384
387
385
388
385
385
388
384
387
389
388
386
389
392
389
385
386
388
385
384
385
383
380
385
384
385
382
384
387
386
384
384
383
383
383
383
380
380
382
381
378
379
380
381
377
381
381
378
378
379
380
376
376
380
378
378
379
379
379
375
380
378
377
377
378
380
376
376
381
379
376
380
382
378
378
383
383
382
380
383
385
382
384
388
385
386
385
391
385
389
389
388
385
388
388
387
386
389
389
389
390
391
393
389
389
388
387
386
385
387
382
385
384
383
379
382
384
381
380
379
383
380
380
380
382
377
379
379
379
377
377
377
380
374
378
379
375
375
376
377
375
374
380
377
375
378
379
379
377
379
380
377
377
379
380
378
375
379
379
376
375
377
379
374
377
376
377
376
378
377
377
376
379
381
377
376
377
381
376
381
378
379
377
380
378
378
378
381
378
377
380
378
380
373
376
375
379
381
378
378
377
380
377
377
379
378
376
379
377
378
375
376
378
375
375
375
376
376
374
376
375
373
379
378
376
374
377
379
374
374
375
376
374
372
374
373
371
374
371
373
368
371
373
369
370
369
371
369
369
372
370
369
372
372
367
370
371
368
367
368
372
366
366
369
369
366
368
369
366
365
366
368
367
363
364
368
365
361
367
365
363
363
363
367
362
363
366
363
362
363
363
362
360
362
364
359
362
361
360
360
361
362
359
358
360
362
357
363
360
362
359
361
363
360
361
363
361
361
363
364
363
359
366
369
364
366
366
369
366
365
369
370
365
368
368
367
364
367
365
363
366
363
363
363
364
363
362
362
365
362
361
363
362
359
362
362
359
361
363
357
358
361
358
356
360
358
357
356
356
357
353
356
358
353
354
356
353
354
355
354
353
354
355
353
352
354
355
351
355
353
354
350
353
354
350
352
351
353
351
352
353
351
349
352
354
349
352
351
351
348
351
351
350
347
351
351
347
353
348
350
347
350
350
348
349
348
349
346
351
350
350
348
350
352
348
348
353
350
346
348
348
350
348
350
347
348
344
351
348
348
346
349
349
346
347
347
349
344
350
347
346
344
349
347
346
345
348
347
342
349
347
344
344
348
347
343
343
344
347
349
347
345
348
345
347
347
347
348
346
345
348
348
345
346
347
346
345
347
347
347
345
347
347
343
349
346
346
343
348
347
346
343
348
348
344
347
346
347
343
346
348
347
343
347
347
344
345
346
345
344
344
346
347
342
346
345
343
344
345
345
343
345
345
345
341
346
346
340
347
343
345
342
345
346
345
342
347
345
343
345
346
345
346
346
348
344
347
350
347
345
349
348
348
348
349
348
346
348
351
345
348
348
347
345
350
349
346
346
347
351
344
347
349
345
346
348
348
345
347
347
347
343
349
348
346
345
347
348
347
345
346
348
345
346
348
346
344
347
347
345
344
345
346
343
345
346
345
343
345
347
344
345
344
348
340
348
345
344
344
345
346
344
344
343
348
341
346
347
344
344
345
346
343
345
345
348
341
348
346
346
345
345
346
346
344
346
349
344
346
348
345
346
347
348
347
347
350
347
345
350
349
348
350
348
350
348
348
350
348
347
351
351
347
348
349
351
346
350
353
350
347
353
353
351
351
352
354
353
349
354
354
354
358
329
354
356
358
358
357
355
357
354
359
356
357
354
356
358
357
356
357
358
355
359
361
358
356
359
362
360
360
361
362
360
362
364
363
359
363
364
361
365
362
363
361
364
364
362
361
364
365
362
365
364
365
363
364
369
365
367
366
369
367
370
370
368
368
373
373
371
371
372
376
371
374
375
370
373
374
372
372
372
377
372
376
377
376
376
376
380
378
379
381
380
379
382
383
383
380
386
388
385
384
386
389
386
385
389
392
388
389
392
393
391
393
394
393
392
389
391
390
387
389
388
388
387
385
390
387
390
391
391
389
391
396
390
394
394
394
391
393
395
393
392
390
392
391
390
391
391
388
389
391
392
389
391
392
391
393
391
394
390
390
395
391
391
390
394
389
389
392
389
387
388
389
387
385
389
388
383
387
387
384
380
382
382
379
380
379
380
376
377
382
375
376
375
375
374
375
375
372
370
373
372
370
372
372
372
368
371
372
371
368
370
371
369
370
369
369
367
370
368
369
367
367
372
367
367
370
370
370
370
372
375
372
373
377
371
374
374
376
376
372
374
372
371
370
372
371
368
370
369
365
370
367
364
368
364
365
362
362
364
362
361
362
361
360
361
360
362
358
358
360
359
357
359
358
358
357
358
357
355
357
357
356
354
354
359
354
355
355
356
353
355
355
354
354
354
356
352
355
354
354
353
354
357
354
354
355
354
352
356
354
354
354
354
357
352
354
356
353
354
355
354
353
354
354
356
354
352
356
353
354
354
353
353
354
355
354
352
354
354
350
355
354
352
354
353
356
352
354
354
353
352
354
355
353
354
353
356
352
354
354
352
353
354
353
352
354
354
354
351
354
356
351
355
353
354
353
352
354
353
351
354
355
351
354
353
355
350
354
355
354
352
354
354
354
352
353
357
352
353
354
355
353
353
355
354
352
356
357
354
353
354
356
354
354
354
357
354
357
357
355
354
357
357
355
355
358
359
354
361
358
358
357
357
361
355
355
360
359
357
356
357
359
356
358
359
359
355
361
359
360
357
358
365
358
359
360
360
366
365
361
367
365
369
361
366
369
368
367
365
366
373
372
374
373
377
379
377
376
379
377
380
377
379
381
381
383
383
386
388
383
388
387
388
386
389
391
388
391
391
388
392
390
389
389
386
387
386
390
390
391
385
385
392
387
391
391
388
386
388
391
389
388
385
384
386
389
387
383
381
381
381
385
382
379
381
385
379
377
380
376
379
383
378
375
376
376
377
371
373
376
368
373
370
372
368
368
371
370
369
374
370
374
373
373
378
378
380
378
375
378
381
379
377
378
383
379
376
379
380
379
378
377
380
376
381
375
382
375
379
378
377
377
379
379
380
377
380
379
380
382
381
384
382
383
387
386
385
389
393
393
390
390
393
394
393
390
394
391
394
392
393
392
392
394
396
396
396
398
398
396
399
397
399
397
397
408
404
403
402
404
408
407
406
403
405
409
410
408
406
409
403
405
406
402
404
404
406
403
404
405
410
408
407
414
416
418
416
422
424
428
427
427
429
428
425
426
427
424
424
426
427
427
428
432
432
432
435
438
443
439
441
440
442
438
441
441
439
437
441
439
437
439
437
435
434
434
433
430
430
432
427
430
427
430
428
427
423
422
426
422
420
421
422
420
417
420
420
417
417
421
422
420
416
417
418
416
414
414
412
412
414
409
408
408
407
407
404
407
405
401
403
402
410
407
408
408
409
410
407
409
407
408
406
404
408
405
405
407
411
410
410
409
411
415
413
412
414
414
410
412
412
412
417
415
416
418
419
415
419
419
421
424
421
424
426
431
429
432
436
437
436
437
440
439
436
437
439
440
444
443
447
454
456
461
465
468
468
474
477
480
482
489
484
484
483
479
479
481
480
479
477
475
469
466
463
462
457
452
450
450
447
446
444
447
442
443
441
437
437
438
435
435
434
430
429
425
425
420
419
417
411
410
413
409
403
404
399
401
396
396
394
393
388
389
384
383
386
383
381
381
375
376
376
376
372
372
372
371
367
369
369
366
366
365
362
364
362
363
361
360
365
360
359
361
365
361
359
364
364
363
361
362
363
364
361
363
363
365
362
360
361
365
361
358
361
361
360
358
358
360
359
356
357
358
359
355
356
357
357
357
354
357
357
355
355
361
358
356
357
359
359
355
357
357
357
361
360
362
362
361
366
364
362
366
368
365
363
365
368
366
366
369
368
370
370
372
374
373
378
378
378
379
380
382
382
380
384
383
384
380
382
388
383
382
383
384
383
384
383
383
380
384
384
381
381
380
382
381
382
381
384
382
382
382
384
387
383
383
387
387
385
388
389
389
388
391
389
387
391
394
393
391
391
392
391
394
391
389
389
391
391
389
388
388
386
385
385
385
382
383
382
381
381
382
380
380
378
381
377
377
378
378
377
376
378
373
377
377
377
377
379
378
380
376
379
380
381
379
377
379
382
379
379
380
382
381
380
385
384
388
387
387
391
392
395
395
396
400
399
400
402
405
406
405
409
409
413
414
415
418
422
420
418
423
424
425
421
419
425
422
429
434
436
431
433
434
436
437
