[Params]
Version=106
Monitor=34
SMode=000000000
Date=20160410
StartTime=14:26:18.0
Length=01:14:21.1
Interval=238
Upper1=180
Lower1=174
Upper2=0
Lower2=0
Upper3=0
Lower3=0
Timer1=00:00:00.0
Timer2=00:00:00.0
Timer3=00:00:00.0
ActiveLimit=0
MaxHR=180
RestHR=70
StartDelay=687
VO2max=51
Weight=0

[Note]

[IntTimes]
00:29:53.9	178	105	175	184
0	0	0	0	114	-61
0	0	0	0	0
0	0	366	260	0	0
0	0	0	0	0	0
01:01:45.7	184	170	177	192
0	0	0	0	107	26
0	0	0	0	0
0	0	590	250	0	0
0	0	0	0	0	0
01:14:21.1	124	121	140	188
0	0	0	0	104	-4
0	0	0	0	0
0	0	0	260	0	0
0	0	0	0	0	0

[IntNotes]

[ExtraData]

[Summary-123]
4460	336	0	3173	951	0
180	180	174	70
0	0	0	0	0	0
180	0	0	70
0	0	0	0	0	0
180	0	0	70
0	12627

[Summary-TH]
4460	336	4124	0	0	0
180	0	0	70
0	12627

[HRZones]
180
162
144
126
108
90
0
0
0
0
0

[SwapTimes]

[HRData]
512
507
501
498
498
494
491
492
496
506
524
536
555
572
531
555
536
543
529
529
525
515
501
490
492
491
483
476
477
467
463
465
463
466
472
476
480
473
472
474
473
471
470
466
466
465
463
461
456
451
452
448
446
442
441
441
443
447
453
463
471
475
470
466
465
462
460
463
459
465
471
474
474
470
467
470
467
464
459
458
458
458
453
452
454
458
468
491
462
455
461
467
507
500
488
483
479
474
475
472
466
469
469
464
462
465
465
465
461
461
460
462
460
460
455
456
457
454
459
458
460
459
459
460
463
460
462
461
462
464
470
470
476
477
477
470
473
476
476
476
479
475
475
472
476
472
473
475
482
496
521
522
527
537
528
525
513
513
509
508
500
494
495
495
488
489
487
485
485
484
486
488
491
495
504
506
510
506
505
495
486
484
481
477
476
474
474
498
470
467
463
465
469
480
500
523
481
482
480
479
516
526
520
525
521
517
517
521
517
508
509
511
517
516
510
508
507
503
494
490
489
486
482
473
472
463
455
446
447
435
435
430
422
416
419
411
404
407
399
396
393
387
386
384
379
377
375
370
369
369
361
362
362
359
355
357
354
354
352
353
350
351
347
347
345
347
345
344
345
345
343
343
342
344
338
343
342
340
339
341
341
338
339
342
339
337
339
342
336
337
339
340
335
341
339
336
339
338
338
335
337
341
334
338
338
339
335
338
338
337
337
338
338
335
337
340
335
335
339
338
332
341
335
335
337
336
339
335
335
338
335
334
339
337
334
335
336
336
335
337
337
334
333
337
336
331
338
336
332
338
334
333
334
335
336
333
335
337
331
334
335
335
330
337
335
331
336
334
333
333
335
334
332
335
335
331
333
336
335
330
337
334
331
338
332
334
331
336
336
330
337
333
332
335
336
332
332
337
335
331
339
336
331
337
335
333
333
335
336
332
335
338
330
336
336
333
331
336
336
330
337
336
332
332
334
336
330
338
334
331
335
336
331
333
335
334
329
336
335
331
334
332
334
329
335
336
329
336
334
331
330
336
333
329
337
333
330
334
332
333
331
334
334
329
334
334
330
333
334
331
332
336
333
331
335
334
331
334
333
334
335
332
332
335
332
334
333
333
334
330
335
336
334
330
335
335
330
332
332
334
332
332
332
333
333
333
334
332
331
331
335
333
329
336
333
329
336
332
328
335
333
328
336
332
328
335
331
329
332
333
329
332
331
331
331
331
332
331
330
334
331
331
332
328
333
333
327
335
332
328
334
332
327
334
332
328
331
330
331
332
332
330
329
333
331
327
333
334
327
332
333
329
331
333
329
329
332
329
331
330
332
327
332
333
327
333
332
329
331
330
329
330
329
331
330
330
331
326
332
332
326
330
334
326
332
330
327
333
329
328
329
330
330
329
330
333
326
333
331
327
330
330
330
330
331
330
327
333
331
327
333
333
327
332
331
328
334
331
329
331
330
331
331
333
331
328
333
335
328
331
335
327
330
335
328
331
331
330
329
333
332
327
335
331
330
330
330
332
330
330
334
328
330
334
327
332
334
328
333
331
329
332
332
333
329
331
335
329
334
333
330
332
333
333
331
331
333
328
332
336
327
333
334
328
335
332
329
334
331
331
331
333
334
327
333
334
330
333
332
333
329
332
334
335
333
330
333
332
333
332
335
331
333
336
329
335
337
331
336
333
332
336
334
333
336
335
335
335
335
337
331
336
340
332
338
339
332
336
338
333
335
339
333
336
335
336
335
335
336
335
334
337
334
335
338
333
337
338
334
338
337
334
337
337
334
336
337
335
334
337
337
333
337
337
332
338
336
333
337
334
335
335
336
335
334
335
338
334
335
339
334
335
339
332
339
338
334
338
337
334
340
338
332
340
337
335
338
336
336
336
336
339
333
338
339
335
335
336
338
334
336
338
335
335
339
333
337
339
336
337
338
336
336
339
335
338
337
336
336
339
333
337
339
333
337
339
333
337
339
332
337
340
332
336
335
333
337
336
333
334
335
333
337
334
332
335
335
333
336
333
334
333
334
332
335
333
333
333
332
333
332
331
335
330
333
333
332
333
334
327
336
333
329
335
332
331
333
334
329
334
332
331
334
332
331
332
330
334
330
330
336
329
330
336
332
331
333
330
331
332
333
331
332
330
336
329
332
338
330
333
337
332
333
339
332
335
339
334
337
337
334
337
338
336
341
338
336
340
337
338
337
335
338
336
334
340
335
336
339
332
336
340
333
335
340
332
334
339
332
337
336
332
333
334
335
336
331
334
332
334
334
335
332
334
332
331
339
330
333
336
332
334
338
330
335
339
335
333
336
338
336
336
337
336
337
337
339
336
337
338
337
335
341
336
337
339
337
337
342
335
339
340
335
339
342
335
342
341
336
339
339
338
338
340
339
338
337
340
338
338
340
336
339
342
335
342
342
337
340
340
337
343
342
338
339
341
337
341
340
340
339
340
340
341
338
342
338
340
342
339
341
344
337
344
342
340
341
343
339
342
342
342
340
342
342
341
340
340
340
339
342
340
339
341
338
340
341
337
341
342
336
341
342
335
340
341
337
339
339
337
339
340
337
338
337
340
336
337
337
336
338
341
332
340
338
334
339
339
334
339
337
338
335
337
340
335
337
340
334
336
340
333
336
341
332
336
336
335
336
334
336
334
334
335
335
334
337
333
335
337
333
335
336
332
334
338
331
335
336
334
333
334
335
331
336
335
333
335
333
335
333
332
335
331
333
336
336
333
334
333
334
334
331
336
334
330
337
330
332
339
332
334
336
331
334
337
330
333
339
330
335
335
332
336
337
331
336
337
331
336
337
332
336
337
332
337
336
335
335
335
335
335
335
336
334
335
336
334
333
338
331
337
335
330
336
335
331
335
334
333
333
333
333
332
333
336
331
334
337
329
334
335
331
333
334
333
330
335
335
330
334
335
330
335
334
333
332
332
334
332
332
336
329
334
335
329
334
336
329
333
334
330
333
333
330
334
331
332
333
332
332
332
330
334
330
334
333
330
332
332
332
333
331
332
329
334
333
332
331
336
328
335
336
329
335
335
330
335
334
332
334
335
332
332
334
336
332
333
337
329
335
338
332
335
339
330
335
335
332
335
334
334
335
333
334
335
332
334
333
334
336
333
335
335
332
334
337
331
336
335
331
335
335
330
334
337
332
334
336
332
336
332
335
333
331
337
333
333
336
332
335
334
332
334
335
332
332
333
334
333
334
335
331
336
335
330
336
336
329
335
334
332
334
334
334
333
332
334
331
332
336
330
333
337
329
334
337
331
333
334
331
336
333
334
333
333
335
334
333
335
333
333
335
334
334
337
330
335
337
332
335
335
332
333
337
332
334
333
336
330
335
336
331
334
337
331
334
334
334
333
335
333
332
333
336
332
332
337
330
334
336
330
335
335
330
334
335
334
332
333
337
331
334
334
334
333
334
335
334
334
335
333
335
337
332
335
337
332
338
336
333
335
335
334
334
334
335
332
334
336
333
333
335
332
333
338
331
337
334
331
336
336
331
335
335
332
337
335
331
337
336
332
337
336
331
335
337
333
334
334
334
335
333
335
333
333
338
332
333
338
332
336
337
332
338
335
333
337
338
332
337
337
335
336
338
335
336
336
335
336
337
335
337
335
336
335
335
338
335
336
337
335
337
337
335
337
339
332
338
339
334
338
337
334
337
336
335
336
337
335
336
336
333
338
336
335
336
337
336
337
337
336
335
338
338
334
337
339
333
340
338
333
338
338
334
334
338
337
337
334
337
335
334
335
337
334
337
335
334
335
336
336
332
338
333
333
337
332
334
337
333
336
335
334
335
336
331
335
338
332
333
338
332
335
337
332
335
338
331
335
338
333
336
335
334
336
336
334
336
337
335
337
334
338
335
335
338
335
335
338
335
335
338
335
334
338
335
335
341
333
336
340
332
340
337
332
337
337
333
337
336
334
335
334
335
338
335
336
333
334
337
334
333
338
333
331
340
331
334
338
332
335
336
332
338
336
331
336
336
332
336
336
331
335
335
333
335
334
334
335
332
336
333
331
338
329
334
336
331
335
336
331
335
337
331
334
334
332
333
333
332
334
332
333
331
332
335
331
332
334
330
332
334
328
333
336
330
330
333
330
331
333
334
329
331
334
328
335
331
329
333
332
331
330
332
335
330
331
335
328
333
335
330
331
335
330
333
335
330
334
333
331
332
331
334
330
331
333
335
330
329
334
332
333
333
329
334
335
331
335
334
332
335
336
331
334
332
335
334
333
336
331
335
337
330
335
335
331
334
337
331
334
335
333
333
333
335
333
333
335
331
333
338
331
331
336
335
334
332
333
337
333
333
337
331
337
336
333
333
336
335
334
337
333
333
335
336
334
331
341
331
333
339
332
336
336
332
336
334
335
336
336
334
334
333
338
334
335
338
332
336
339
333
335
340
331
336
338
333
336
336
335
334
336
337
336
334
338
335
335
339
335
337
339
334
336
340
336
335
338
336
336
339
335
336
337
340
336
338
340
334
340
339
337
339
340
336
339
340
338
340
340
339
338
341
340
339
341
341
338
341
342
340
340
343
339
340
342
339
339
342
340
338
343
338
341
343
338
341
342
338
339
343
338
341
339
339
337
338
339
338
339
338
339
338
339
337
339
339
337
336
339
335
337
338
337
336
337
336
335
337
339
335
335
339
333
337
339
333
338
336
334
335
336
336
335
334
336
333
333
340
333
334
338
333
334
337
332
334
336
333
335
333
335
335
333
335
333
334
336
335
334
337
333
335
337
333
333
336
336
331
337
335
336
336
334
334
335
333
337
330
335
340
331
335
337
332
333
338
331
335
337
331
334
335
333
335
333
335
334
333
336
335
332
337
330
335
337
333
333
336
333
334
334
334
333
335
332
334
332
334
329
336
334
331
334
334
330
336
334
331
333
331
334
332
331
334
331
332
336
331
332
336
330
332
338
331
335
334
332
335
333
333
333
333
333
336
333
334
334
334
337
334
332
337
332
334
336
332
334
336
335
330
336
336
334
333
337
333
335
337
334
336
336
336
335
336
333
335
334
337
333
332
339
331
335
336
333
334
338
330
338
335
330
334
335
335
339
333
332
341
333
333
336
332
336
337
332
336
337
333
336
336
332
335
335
334
335
334
336
331
333
339
330
334
338
331
332
336
333
333
333
334
331
334
336
331
331
337
331
333
334
332
334
334
332
333
334
332
333
334
334
334
332
335
330
333
334
335
333
333
332
334
336
333
333
337
331
334
337
331
335
337
332
335
337
332
334
336
335
334
337
333
334
336
331
335
337
332
335
336
331
334
334
335
331
334
336
330
335
334
333
333
331
335
332
331
337
331
332
335
330
333
333
332
329
335
336
328
334
335
331
330
332
337
329
334
337
330
333
336
331
333
333
334
332
332
336
332
333
335
334
331
333
336
330
335
335
334
332
334
336
330
334
336
332
335
335
332
333
336
333
334
333
334
335
334
335
331
334
336
331
336
337
331
338
333
334
335
333
335
333
333
337
332
334
338
332
334
338
334
333
335
335
332
337
337
332
335
335
336
334
335
338
333
334
339
331
335
337
334
334
334
335
335
333
336
336
332
339
331
335
336
336
334
334
337
332
335
338
334
334
337
335
335
334
336
335
334
338
333
336
337
335
335
336
332
335
337
338
333
335
337
333
338
336
334
334
335
334
334
336
338
334
335
334
333
334
335
337
331
335
338
332
334
336
331
335
333
338
331
333
337
329
335
338
332
333
335
332
334
335
332
335
330
336
330
334
336
331
334
335
331
334
334
332
333
332
333
331
331
336
331
333
336
329
335
334
329
335
334
330
331
332
331
334
331
333
330
331
334
329
333
334
328
331
334
328
331
331
330
329
330
334
328
330
334
327
328
331
332
332
327
332
332
328
328
330
330
331
328
333
329
330
333
330
330
330
331
330
330
333
327
331
333
328
331
332
329
329
329
331
330
329
333
330
329
330
333
328
330
335
327
332
333
327
332
332
330
330
330
332
330
329
335
329
332
331
331
331
331
332
329
330
335
328
333
331
330
333
329
333
328
330
334
330
329
334
329
331
328
333
328
330
334
328
330
332
329
331
329
333
329
329
335
329
331
332
330
331
331
333
328
332
334
329
333
332
331
332
331
333
333
330
333
330
331
336
330
331
334
330
333
331
335
328
334
334
331
332
334
331
336
332
335
330
333
339
331
334
335
332
334
338
332
334
333
336
333
334
337
332
335
337
335
334
335
337
335
333
340
330
336
339
333
335
337
334
337
336
335
335
335
338
335
336
338
335
336
336
335
333
339
336
335
339
335
336
338
333
338
334
337
337
335
335
338
335
335
335
339
332
338
340
333
339
337
335
337
338
335
337
336
337
336
336
339
335
337
339
336
334
342
334
336
342
334
338
339
334
339
339
335
338
336
336
338
338
336
340
336
339
336
337
340
337
336
342
335
339
343
335
339
341
338
340
339
338
339
339
340
341
337
343
337
339
344
337
340
343
337
338
341
342
340
340
338
342
338
339
343
336
340
342
338
338
342
338
340
341
339
340
338
340
341
336
342
339
337
342
336
340
341
339
336
344
336
340
341
339
340
340
339
340
341
343
339
341
343
339
342
343
342
341
342
345
342
342
345
342
342
344
341
344
345
340
345
344
341
344
344
342
343
342
344
341
341
345
341
341
345
340
343
343
338
344
340
340
343
340
340
342
340
341
338
338
344
337
340
341
337
338
341
340
336
338
341
338
336
342
337
339
341
337
338
340
337
336
337
341
336
338
340
334
338
340
335
338
337
336
338
338
337
336
335
339
337
335
340
334
338
340
334
339
339
335
336
340
335
339
337
338
337
336
337
337
336
339
335
336
338
336
336
339
335
336
337
336
336
337
337
335
336
337
333
337
338
335
335
335
338
332
337
339
336
333
339
337
334
338
337
335
336
339
334
336
335
336
336
333
338
333
334
337
334
335
336
335
334
335
334
335
336
333
335
336
332
333
337
333
335
337
332
334
336
335
333
337
331
335
337
334
334
335
332
335
336
334
333
335
335
335
335
335
332
336
336
333
336
338
331
336
336
334
336
337
335
335
335
337
333
334
336
335
334
336
334
335
337
331
336
338
331
337
336
334
337
337
335
335
335
336
334
335
341
331
336
339
333
336
339
334
336
336
338
334
338
336
336
335
340
336
337
339
337
337
340
336
338
340
338
338
339
337
338
342
335
337
343
335
337
340
338
336
339
337
339
337
339
336
337
341
337
337
341
337
338
339
337
337
340
335
338
341
336
337
339
338
338
338
338
337
337
339
337
336
340
335
336
339
338
341
336
337
341
336
338
339
339
336
340
336
340
338
338
339
339
337
338
338
336
338
340
335
338
338
337
336
338
337
337
337
340
335
338
338
338
336
339
337
336
342
337
337
343
337
339
341
337
338
342
338
339
339
341
338
338
339
338
343
339
339
345
337
343
345
340
342
344
339
345
344
339
344
344
342
343
344
341
343
342
343
342
343
342
343
343
343
339
342
343
338
344
343
339
343
342
340
340
342
338
340
341
340
338
341
337
340
340
339
338
340
336
338
340
335
338
338
338
335
338
339
338
335
339
336
335
340
337
337
339
335
337
340
337
336
340
334
337
338
334
336
342
332
338
337
333
336
340
334
335
334
337
333
335
338
335
334
336
335
335
338
333
334
338
333
335
337
333
335
339
330
336
337
333
334
338
333
334
336
332
335
337
334
334
333
337
335
332
338
330
336
335
336
334
333
336
334
335
335
333
336
337
333
336
339
333
334
338
332
338
336
334
337
335
337
335
336
336
334
336
337
333
335
340
333
334
340
331
337
335
334
334
337
333
336
336
334
336
335
333
337
333
336
336
335
336
335
333
340
334
335
337
333
334
340
333
333
340
331
336
337
334
336
337
332
337
338
332
336
338
332
335
338
335
337
335
334
335
336
338
335
336
335
334
335
337
337
335
334
340
335
334
337
335
335
339
337
334
338
335
334
340
336
335
338
333
338
339
334
335
338
335
336
337
337
334
337
340
334
335
340
334
338
337
336
337
338
336
336
340
335
338
339
334
337
342
335
337
338
336
339
338
337
335
338
338
337
338
338
336
336
342
337
336
341
335
338
339
336
337
342
334
336
340
336
336
341
337
337
338
336
338
340
337
336
336
339
337
336
339
337
337
340
338
336
341
338
337
340
338
336
344
336
337
341
335
339
341
337
338
341
335
341
339
335
341
339
336
341
340
337
340
341
337
339
341
336
339
341
338
338
340
339
340
338
339
338
336
341
336
336
340
337
337
339
335
337
342
336
338
340
336
337
341
338
337
341
337
338
340
337
338
341
337
337
339
336
337
342
333
338
338
336
337
339
338
335
339
336
338
336
339
333
337
339
335
337
337
336
336
339
335
337
337
334
337
339
335
335
335
339
334
336
339
333
336
340
334
335
339
332
338
337
336
334
337
335
338
335
336
334
336
336
335
334
337
334
335
336
335
334
338
332
335
337
336
334
337
335
334
337
338
335
338
335
335
341
334
339
337
336
337
339
335
339
338
336
336
338
339
336
336
339
335
336
340
336
336
340
335
336
341
335
338
338
335
336
338
337
340
335
338
338
337
335
341
337
336
340
338
336
340
338
336
342
337
340
339
337
337
343
336
338
341
336
338
343
336
339
340
336
338
341
336
339
341
335
339
341
336
339
341
337
339
340
338
337
340
339
337
336
342
336
336
340
337
336
341
336
339
338
337
338
342
335
338
340
336
338
340
337
337
343
336
340
340
338
339
343
338
339
343
338
339
341
339
341
345
338
343
341
343
340
343
344
344
339
345
342
342
345
342
344
344
345
341
343
344
345
344
342
343
345
343
344
346
341
346
345
345
344
341
347
345
344
343
347
345
350
344
346
351
346
347
352
346
347
350
348
349
350
349
349
350
348
348
351
345
346
350
346
346
349
345
345
350
343
345
349
341
344
349
342
344
345
340
346
345
338
345
344
340
340
342
339
343
343
338
342
341
341
339
338
344
337
337
344
335
339
344
335
341
339
337
342
341
337
340
340
337
339
339
337
339
336
340
336
336
340
336
338
339
335
337
339
340
336
337
337
337
335
341
336
334
339
334
338
338
335
335
338
335
336
336
334
335
336
333
334
338
333
335
336
334
334
335
336
336
334
336
337
333
339
334
335
338
338
336
341
337
335
340
335
340
339
336
338
341
337
338
341
339
339
339
343
338
337
343
336
341
338
340
339
340
339
337
337
339
339
336
339
335
339
339
335
337
341
332
341
339
334
339
339
334
338
339
334
338
336
336
336
338
336
337
339
333
339
337
334
337
338
335
336
337
337
336
336
337
335
336
337
335
335
341
337
337
336
340
337
338
340
336
339
340
338
339
340
339
339
342
337
340
341
339
339
344
337
339
341
340
338
342
339
339
341
338
339
340
340
340
342
337
338
343
336
338
344
335
340
341
335
341
341
336
340
343
335
340
341
335
341
337
339
337
337
339
338
336
339
335
337
341
335
338
341
334
339
338
337
336
339
336
340
336
337
337
336
337
340
334
340
335
336
340
336
338
338
335
337
342
335
337
340
335
339
340
334
338
341
334
338
339
336
338
340
337
338
338
339
339
336
341
337
337
342
337
337
343
337
338
342
337
339
342
336
342
339
339
340
341
337
339
341
337
340
342
334
342
341
339
338
341
337
339
342
336
341
338
343
336
337
343
337
338
342
335
341
341
336
342
339
338
340
341
338
339
340
339
337
343
337
341
340
339
339
339
341
338
341
337
339
340
343
338
340
341
339
339
341
339
338
342
341
337
343
339
338
342
339
337
344
339
338
343
338
337
343
338
338
340
338
338
343
337
338
342
338
337
343
337
340
341
339
339
342
336
339
342
338
337
342
339
338
340
340
337
342
339
337
341
341
336
343
339
338
342
339
338
342
339
339
341
340
338
342
339
341
342
338
338
342
339
341
340
340
339
341
342
338
341
341
338
345
341
341
343
342
341
343
342
339
346
342
340
344
340
342
343
342
341
343
341
341
342
342
342
340
340
341
343
342
344
341
340
343
338
342
343
340
339
342
340
339
342
340
338
340
339
338
339
338
337
338
340
338
336
340
337
337
339
338
338
337
336
340
336
336
340
337
335
341
333
339
338
336
338
340
335
339
338
335
339
339
335
337
338
336
337
337
337
337
338
337
337
338
335
338
338
337
337
341
335
338
340
338
336
345
336
337
343
336
338
343
338
340
340
340
337
341
339
343
339
341
341
341
342
339
340
340
341
339
343
339
339
341
339
342
340
339
341
338
339
344
339
337
342
338
339
342
339
337
342
336
339
340
339
337
342
336
340
343
339
339
340
336
340
339
340
338
342
336
338
339
340
338
339
341
336
339
338
339
337
340
335
340
339
339
337
342
336
338
341
338
337
341
336
339
335
341
337
337
337
337
338
336
338
338
336
337
337
335
341
337
337
338
337
336
340
336
335
341
335
337
341
335
337
339
336
336
341
336
337
340
334
340
337
335
340
340
334
339
336
336
338
337
338
336
336
339
337
337
338
339
336
338
336
338
340
337
336
340
336
339
339
338
338
339
336
339
339
337
338
342
338
337
340
338
336
341
337
336
340
337
337
339
337
337
341
335
337
339
336
338
338
337
337
339
338
335
338
339
335
337
340
334
337
337
339
335
336
339
335
337
336
337
335
334
340
337
335
339
335
337
337
335
337
336
336
335
335
336
335
338
335
334
337
338
335
336
339
334
338
337
337
336
334
339
333
338
339
337
334
337
336
340
335
339
338
337
334
339
338
337
338
339
339
342
336
341
343
337
341
341
339
341
341
339
341
338
342
339
340
342
340
339
342
336
340
345
337
339
343
336
341
341
336
341
341
337
338
338
340
339
336
342
334
338
339
338
336
341
335
335
339
340
340
336
337
340
337
337
339
336
337
339
336
337
341
336
336
342
333
338
339
335
337
341
334
338
338
334
339
338
334
337
336
336
339
336
338
336
335
338
337
336
340
334
335
342
333
337
340
334
336
341
334
338
338
334
338
337
334
337
337
335
335
336
336
337
334
335
335
335
338
334
334
342
333
335
339
332
337
337
335
334
334
335
336
332
336
334
332
337
333
334
336
334
335
336
334
334
337
335
332
338
330
335
336
330
335
336
331
333
337
333
333
339
330
335
336
331
335
334
334
333
335
334
336
336
333
336
333
334
336
336
334
334
333
335
333
334
335
335
333
334
334
333
335
334
333
335
334
333
336
333
334
336
331
336
336
334
332
337
332
335
336
331
334
338
333
335
334
332
335
336
333
333
335
335
336
334
335
332
336
334
336
333
333
335
336
333
334
339
332
335
335
334
335
338
333
335
334
334
337
337
333
337
335
334
338
335
335
337
338
334
336
335
337
336
336
337
334
337
336
337
336
336
335
335
339
336
337
336
335
336
337
337
338
337
336
339
337
337
338
338
337
337
337
339
338
337
337
337
336
341
337
337
338
338
338
337
341
339
337
340
339
338
341
340
336
346
339
338
342
338
338
341
337
339
342
343
339
341
341
341
340
341
340
338
343
339
340
343
339
341
343
339
340
341
340
337
343
340
337
342
337
339
343
338
339
343
337
340
340
337
340
343
336
340
341
336
339
341
338
340
339
340
338
337
341
338
337
339
339
337
339
335
338
342
335
339
341
335
339
339
336
339
340
337
336
340
335
338
339
337
337
338
337
337
340
337
337
341
337
337
337
340
336
338
338
336
338
341
335
339
339
337
337
340
336
339
339
336
338
340
337
338
339
336
338
340
335
339
340
336
337
341
336
337
340
335
338
338
336
338
337
334
339
337
334
340
336
336
337
337
335
341
336
336
336
338
336
339
336
335
336
339
335
334
342
335
336
338
335
335
339
337
336
338
341
334
336
344
331
336
340
335
337
332
336
334
336
336
334
336
332
333
334
336
334
333
335
331
338
330
334
337
331
333
337
332
333
337
333
333
339
332
334
337
334
332
339
331
336
335
334
336
338
332
337
335
334
334
338
335
333
336
335
333
336
338
332
336
334
332
339
334
333
338
334
331
340
330
335
338
333
334
338
330
336
339
332
336
339
333
333
338
333
333
336
336
335
330
336
336
333
328
338
332
330
338
330
333
334
333
333
336
331
333
334
331
335
335
332
336
330
337
334
332
336
332
332
341
331
335
339
334
333
340
334
335
341
333
339
338
335
337
338
338
338
338
337
341
338
339
337
338
337
338
336
339
336
336
341
335
335
338
338
335
339
334
337
339
334
339
336
334
335
338
335
337
336
334
338
336
334
337
337
334
336
336
337
328
339
338
334
334
338
334
334
338
331
336
332
338
336
336
333
337
337
332
338
338
332
337
338
333
335
339
333
334
335
337
335
337
334
336
335
338
336
335
338
335
336
337
333
337
338
335
342
336
334
340
336
337
338
339
337
337
335
339
336
338
338
335
336
340
335
337
339
335
337
338
335
336
339
335
337
340
333
337
339
335
336
338
337
331
342
335
333
339
337
336
337
337
335
339
336
335
339
333
335
335
313
334
340
334
335
340
336
334
340
335
335
341
336
336
339
334
338
338
335
336
340
334
339
338
335
339
338
337
330
346
340
337
336
340
336
337
342
338
336
342
335
338
341
336
339
341
336
337
341
335
339
339
336
342
337
339
338
338
341
338
338
338
339
336
341
337
339
341
337
338
342
335
339
343
334
341
342
336
340
339
340
336
338
338
339
337
341
337
338
338
339
337
340
338
335
340
336
338
341
334
341
340
335
341
338
338
339
341
338
339
340
341
338
337
343
337
337
342
336
339
341
340
340
338
340
340
338
340
338
339
338
343
336
341
337
337
340
338
337
341
336
336
341
336
337
339
337
336
341
335
338
341
335
338
341
334
341
339
336
340
338
338
339
338
338
339
337
340
335
338
342
335
338
342
334
339
339
336
339
336
340
335
337
340
338
335
342
331
340
340
335
338
336
339
336
337
338
335
337
340
333
339
338
338
335
341
335
340
336
340
336
339
340
340
336
339
339
339
338
339
339
337
338
340
339
338
338
339
338
338
340
338
338
340
335
339
340
338
337
338
340
337
338
336
340
337
336
339
337
335
341
335
336
340
335
337
340
334
336
339
334
336
339
334
337
338
336
335
338
335
338
335
336
338
334
339
332
338
336
339
334
334
340
335
337
338
334
337
339
335
338
340
334
338
340
334
340
335
339
335
335
339
334
334
341
332
338
338
333
337
337
337
334
337
338
337
333
339
333
337
337
337
335
339
334
337
336
336
334
338
333
336
335
336
333
337
334
337
335
336
332
337
334
337
334
335
335
335
335
337
334
336
335
337
333
337
335
335
337
336
335
335
336
335
335
335
335
335
336
335
336
336
335
334
336
336
338
337
335
338
336
335
337
337
335
338
338
335
337
338
336
341
335
336
339
336
335
342
335
336
342
336
335
344
334
338
342
335
339
340
336
338
341
335
340
340
338
338
340
335
338
339
337
336
340
337
338
337
336
336
337
338
333
337
337
334
336
338
331
338
336
334
336
338
331
339
334
335
334
336
335
336
335
336
334
334
336
335
334
337
334
335
337
333
335
335
335
335
337
335
335
335
335
336
335
336
335
335
335
335
336
337
335
335
337
335
336
336
335
335
337
335
338
336
334
337
335
336
335
337
337
336
336
333
339
333
336
340
333
336
339
331
338
338
335
337
338
334
338
341
335
336
339
336
336
340
334
338
340
337
336
341
336
338
341
337
337
341
335
338
342
336
338
341
336
338
342
337
337
342
338
339
339
338
338
340
338
337
339
336
337
340
339
335
338
336
336
338
339
335
338
336
335
339
335
336
340
334
336
340
334
335
340
333
337
339
334
335
341
335
334
339
332
338
338
334
336
337
333
337
339
332
337
337
336
335
336
340
336
333
341
334
335
342
334
336
342
332
338
341
336
337
341
337
337
343
335
337
342
336
337
341
333
339
338
338
336
341
336
337
340
335
338
339
336
339
339
337
335
342
333
339
339
337
338
341
335
339
340
337
337
340
338
338
339
340
337
337
340
336
337
341
338
336
341
333
338
341
338
341
337
337
343
335
341
342
340
340
341
339
341
338
341
341
339
343
339
338
343
338
338
344
335
341
342
339
338
341
339
340
342
338
341
339
341
338
338
341
340
338
342
337
339
340
340
337
344
336
338
342
337
337
343
335
339
341
338
336
337
338
340
335
336
341
334
339
338
337
337
340
337
338
335
340
337
338
338
338
335
342
336
337
340
338
337
341
334
338
341
335
337
342
335
338
341
336
337
343
335
340
339
337
337
340
335
340
339
336
337
341
335
341
340
337
338
340
336
339
341
338
337
340
339
336
342
336
339
341
337
335
342
337
338
340
341
336
342
338
338
341
337
337
342
337
336
342
337
338
338
337
338
339
336
335
340
339
336
342
334
340
339
338
339
340
336
339
341
337
337
342
339
338
344
337
341
338
341
338
342
340
342
339
342
338
340
343
339
339
342
340
342
340
340
339
339
341
339
342
338
340
339
341
337
340
340
340
338
343
340
336
344
337
341
343
337
339
342
339
339
341
338
340
340
340
338
340
338
341
338
337
343
335
340
342
337
340
342
339
338
343
339
339
338
341
338
339
340
342
340
339
341
339
341
340
340
343
338
337
345
336
342
343
338
341
344
338
342
342
338
344
338
342
341
339
343
339
341
343
342
340
345
341
340
346
340
341
345
340
341
346
339
342
343
342
342
344
340
343
344
343
341
345
340
343
343
344
340
345
342
342
344
344
343
342
345
343
344
342
345
344
342
343
348
341
344
346
339
345
344
342
343
345
338
344
343
341
341
342
344
339
341
342
340
339
345
336
340
343
338
340
342
337
341
340
338
341
337
342
337
338
342
337
338
342
335
339
340
337
338
338
335
339
340
335
341
335
338
336
336
337
337
336
337
337
336
338
335
337
337
336
333
337
335
336
339
333
336
338
336
336
335
338
334
336
339
334
334
340
338
336
336
336
338
336
338
337
337
335
338
336
337
339
337
335
340
337
335
342
337
336
339
337
339
339
337
338
342
337
339
343
337
339
342
340
340
339
342
340
339
341
340
337
342
340
338
344
336
341
343
338
339
344
338
337
346
338
337
344
337
338
343
336
339
340
339
339
340
339
338
339
337
342
337
340
337
338
338
337
340
337
338
341
337
336
340
338
337
342
334
340
340
338
337
340
335
340
340
336
337
341
337
339
338
337
340
337
340
337
337
340
339
336
343
335
338
345
338
340
342
338
338
344
338
339
343
340
341
340
340
341
343
339
341
342
340
340
343
339
339
344
340
340
343
342
341
343
341
339
345
340
342
345
340
341
344
340
343
345
340
341
344
342
343
340
344
344
341
344
343
340
346
342
341
350
339
344
345
342
343
345
343
341
346
342
341
345
342
343
344
341
343
346
341
342
345
340
341
345
342
341
344
338
342
342
341
341
343
339
341
342
341
341
339
342
338
341
343
338
342
343
338
341
340
342
338
339
341
340
340
339
340
338
342
337
340
341
337
340
342
335
342
339
338
340
339
339
339
339
339
338
336
343
335
337
341
335
337
340
334
339
336
336
337
337
337
337
336
337
338
335
341
335
334
339
335
336
338
336
337
336
337
338
334
339
334
337
337
337
334
339
335
338
336
336
335
337
337
338
334
339
333
336
337
335
337
339
332
337
339
332
339
334
335
337
336
334
336
333
341
332
336
336
333
334
336
333
335
337
335
331
336
337
333
335
337
332
337
333
337
333
336
335
336
334
336
335
332
336
335
336
335
335
332
338
330
335
337
336
336
334
332
340
333
336
336
337
334
338
334
336
339
334
336
339
332
338
337
336
337
336
336
336
338
335
335
333
341
333
335
340
333
336
341
334
336
338
334
338
338
335
338
340
336
338
340
335
339
336
342
337
338
337
339
338
340
339
338
341
336
339
343
337
339
341
338
342
341
338
341
341
339
341
342
338
341
340
340
340
340
340
338
340
340
340
338
342
337
340
338
341
339
340
339
338
342
338
340
340
340
338
344
340
340
340
342
338
343
343
339
341
342
338
342
338
339
346
338
341
346
340
340
345
340
343
344
339
344
343
340
343
344
340
345
340
343
341
344
341
345
341
345
342
343
343
344
342
343
342
345
342
344
345
343
342
346
343
346
343
344
344
345
343
347
342
344
346
346
344
345
344
345
344
345
343
345
345
343
344
346
342
343
346
341
344
346
341
344
345
341
343
345
340
345
345
342
343
346
337
346
345
341
342
345
341
343
341
342
339
344
340
343
341
342
339
343
338
342
342
341
339
343
339
342
340
340
341
338
343
338
340
341
341
338
342
338
341
341
339
338
344
334
341
342
337
339
340
338
340
342
338
340
338
341
339
337
342
340
337
343
336
342
339
341
338
341
340
339
341
341
340
341
343
338
341
343
340
342
344
341
342
343
344
342
340
347
338
344
344
342
344
343
344
341
345
340
344
345
343
340
348
341
343
345
342
343
344
343
343
344
342
343
342
344
341
343
344
340
342
344
340
342
342
342
341
342
340
342
341
341
341
340
341
340
341
341
340
339
342
337
342
343
337
342
341
338
341
342
339
340
342
339
342
339
342
340
342
341
341
342
340
340
341
342
340
341
341
341
339
343
338
341
343
339
339
341
337
341
339
339
337
339
343
340
339
339
341
340
340
338
342
338
340
341
340
337
345
336
343
343
338
341
341
341
340
345
340
341
344
341
341
344
338
343
343
341
341
341
343
341
344
341
342
340
341
338
343
338
341
344
338
342
339
340
340
340
339
342
338
340
339
340
339
340
339
340
339
338
342
337
338
341
338
336
340
334
341
338
336
339
338
336
339
339
336
339
336
339
336
337
339
337
336
339
335
338
341
336
336
342
336
335
342
334
340
339
336
341
337
338
338
339
339
338
335
342
337
339
342
335
340
341
337
338
340
336
340
339
337
337
341
337
339
339
338
339
335
342
336
338
341
336
338
340
338
337
340
333
340
340
336
339
340
337
338
340
338
338
336
339
337
337
339
339
336
342
336
339
339
336
340
338
337
338
342
335
337
341
338
336
341
337
336
342
338
337
339
339
336
341
336
337
341
337
339
341
335
340
339
337
338
340
339
340
338
338
337
338
341
338
339
339
339
337
340
337
339
340
335
341
341
335
343
340
337
340
339
340
340
339
339
340
337
342
336
337
343
335
340
341
334
340
336
341
336
339
340
336
339
337
338
337
338
338
337
337
341
334
337
338
335
338
339
333
337
339
335
338
337
335
337
338
334
337
337
335
337
336
338
335
338
336
338
336
338
334
336
337
334
337
337
337
336
333
336
335
336
340
332
337
338
333
336
339
333
335
339
333
335
342
332
339
337
334
337
335
337
336
336
337
336
335
339
335
336
340
332
338
339
332
337
337
334
334
338
334
336
335
337
334
335
337
335
334
337
334
337
334
339
335
333
341
333
335
339
334
337
340
335
336
337
335
336
341
332
338
338
336
338
337
336
336
338
335
337
339
333
339
338
336
335
338
335
338
336
337
334
337
337
336
337
336
335
335
339
333
337
337
334
336
338
334
335
338
334
335
338
335
337
336
336
335
337
334
337
336
334
336
339
334
337
339
334
336
339
334
337
340
335
338
337
335
338
340
335
339
338
334
339
340
334
339
340
335
338
340
336
338
338
337
337
340
336
339
338
337
338
340
337
339
340
336
338
341
337
335
343
335
336
341
336
337
341
334
338
340
334
337
340
336
343
333
340
338
339
336
341
336
341
340
341
340
342
342
342
342
344
341
344
346
343
343
349
344
345
345
342
347
343
344
345
345
342
345
348
342
347
347
344
344
347
341
344
346
344
344
347
341
346
344
343
343
343
345
340
344
344
342
343
345
339
344
343
341
342
344
341
342
342
342
341
345
338
344
341
342
339
342
341
341
342
341
341
335
347
341
339
343
342
339
344
337
340
342
341
341
343
338
343
341
341
340
344
339
342
339
341
342
341
341
343
338
342
340
341
342
342
341
343
341
341
344
341
340
345
341
342
346
339
344
343
342
344
342
343
343
342
347
341
344
347
340
344
348
342
343
344
344
344
342
344
340
345
345
342
343
344
343
343
344
343
343
344
342
345
343
343
341
343
344
341
343
344
340
343
343
340
342
344
342
343
340
343
340
340
343
340
341
343
339
342
341
338
342
340
340
341
339
341
335
340
342
338
338
341
337
339
340
338
338
340
341
336
340
341
338
339
341
336
340
336
342
336
337
342
336
339
339
338
337
341
335
339
338
334
337
340
335
339
337
337
336
335
340
333
337
338
334
335
342
333
335
334
340
338
337
335
336
338
333
339
339
334
340
337
338
337
336
342
335
336
345
336
339
342
336
340
340
343
338
342
342
340
340
345
338
343
343
340
342
342
343
340
342
343
341
340
344
337
342
344
341
342
342
342
340
343
340
339
344
341
340
343
337
343
341
341
340
340
341
340
342
340
339
339
344
338
340
342
341
340
342
339
341
344
338
342
340
342
337
341
342
338
342
341
338
341
343
336
343
340
339
342
340
343
337
339
345
338
339
345
338
340
345
338
343
342
342
343
343
341
343
341
346
340
342
346
341
342
346
341
342
348
342
343
347
340
346
345
342
345
346
342
347
343
344
344
343
344
345
343
347
342
343
347
340
344
347
342
343
344
342
346
344
343
344
343
344
343
343
344
343
341
346
341
342
346
341
342
348
339
344
344
341
345
344
340
345
344
341
346
344
342
343
343
346
341
342
346
340
343
345
341
343
345
340
344
344
341
344
344
340
345
344
341
345
343
344
343
343
345
342
343
346
342
344
346
342
344
344
343
346
341
345
341
344
343
343
343
347
344
344
343
343
344
346
346
344
345
345
344
344
346
347
344
349
346
344
350
342
349
347
347
348
347
349
346
348
349
345
347
349
344
349
348
345
347
347
348
345
348
343
346
349
344
345
349
341
347
345
343
347
348
342
348
344
344
344
344
346
345
343
346
342
342
349
342
342
346
341
344
348
340
346
345
341
345
344
343
343
342
345
342
341
343
343
341
345
340
343
344
343
343
343
339
344
343
341
342
344
340
343
345
341
341
344
341
343
345
341
343
344
343
341
346
340
341
348
340
343
347
341
342
347
342
343
346
341
346
343
343
342
344
346
344
343
341
350
343
344
347
344
344
348
344
346
348
347
345
350
346
346
349
348
347
349
345
348
351
346
347
349
345
348
348
345
348
347
344
346
346
343
347
346
342
345
344
343
344
344
343
344
344
343
343
345
341
344
344
342
343
346
340
345
344
343
342
345
340
345
343
342
343
343
339
346
341
343
341
342
342
344
340
343
340
340
345
341
341
344
340
341
345
341
341
343
341
342
343
338
343
342
340
341
345
337
342
342
340
340
341
342
339
340
343
339
340
342
336
339
341
342
340
340
337
344
336
340
345
338
341
341
339
341
343
336
344
341
339
343
341
341
340
342
342
340
341
343
338
342
341
339
343
339
338
344
337
341
341
338
339
344
337
340
341
338
339
339
341
339
338
341
339
340
341
338
339
339
340
338
342
335
340
343
337
340
339
341
335
340
342
337
340
340
336
340
339
340
339
338
340
339
339
341
339
337
343
336
342
339
338
340
342
336
340
341
337
341
338
343
337
338
342
338
336
344
337
340
343
337
339
340
336
342
340
339
341
338
340
339
338
340
339
339
342
337
342
342
339
338
343
336
337
345
339
340
340
343
342
339
342
343
339
344
338
342
342
342
340
344
341
340
344
340
341
340
343
338
339
343
339
338
344
338
341
342
338
341
339
342
338
338
343
340
339
340
338
340
340
340
342
339
340
337
343
338
338
342
337
340
340
339
338
339
338
338
338
338
340
337
339
335
342
336
338
337
340
335
339
337
339
336
339
336
338
337
339
334
340
337
337
340
339
337
338
339
337
340
337
338
340
340
336
341
337
337
343
337
338
343
335
339
341
337
339
341
337
342
338
338
339
339
340
340
339
341
338
338
344
339
338
342
338
339
344
338
340
342
338
342
342
337
344
341
338
342
342
338
341
340
341
340
340
342
341
340
343
340
339
345
339
341
343
341
339
344
338
343
343
340
341
343
340
341
343
341
342
342
339
342
343
342
340
342
341
342
341
342
338
343
343
339
342
342
338
343
338
342
337
340
342
338
339
343
336
340
342
337
341
339
340
338
338
341
339
338
341
337
340
341
337
340
342
337
342
339
340
337
344
339
341
339
341
339
341
339
343
338
341
340
341
339
342
340
341
340
340
344
340
339
344
338
342
344
340
340
343
339
339
345
336
346
340
341
341
339
342
342
340
342
339
340
343
336
341
341
344
342
341
341
342
345
342
343
342
342
343
343
341
343
342
342
342
342
341
340
342
343
338
343
342
339
342
340
341
344
338
341
345
337
341
343
337
342
342
340
341
343
339
341
341
337
343
340
340
339
340
340
341
338
342
338
339
343
339
339
343
339
339
344
338
340
343
338
340
342
339
341
343
338
340
340
340
339
343
338
341
342
339
339
341
338
341
342
339
340
341
338
339
343
337
339
343
336
341
339
340
338
343
336
341
341
336
342
339
339
341
338
339
339
339
339
340
340
342
337
339
343
336
341
342
337
339
343
336
340
339
339
338
338
339
341
339
341
337
339
342
338
339
341
336
340
341
337
339
341
339
338
340
340
338
339
340
337
339
339
339
337
339
339
340
337
343
337
339
342
338
339
343
335
342
341
338
341
339
338
342
339
340
338
340
342
339
338
342
338
338
343
334
342
341
338
340
339
339
337
338
339
340
336
341
335
340
339
336
338
340
334
340
339
337
337
341
336
338
340
336
338
337
338
336
339
340
336
338
338
337
337
338
338
336
336
340
334
338
337
335
337
338
334
338
339
335
337
339
334
337
337
335
336
338
335
336
338
335
336
339
334
336
338
334
337
339
332
337
340
334
336
339
333
338
337
336
336
337
334
338
335
335
337
336
334
338
335
336
334
334
337
334
335
338
332
336
337
333
335
335
335
335
336
336
333
334
337
331
336
336
332
334
336
334
334
335
333
335
334
336
332
333
338
332
335
339
332
337
335
333
335
335
335
335
332
338
333
335
335
334
333
340
330
335
337
332
334
338
331
336
334
332
334
337
330
335
335
332
333
333
333
333
332
334
331
332
335
332
333
335
333
332
335
332
332
337
329
335
336
332
335
333
335
334
335
331
335
334
335
330
337
335
337
333
335
338
330
336
337
334
334
338
329
336
336
333
336
338
330
337
337
332
337
335
336
333
334
338
334
333
337
332
335
336
333
335
337
332
336
336
333
335
336
335
334
337
335
335
334
339
334
335
338
335
334
338
335
335
340
334
337
337
336
336
339
335
336
339
334
336
341
336
336
340
335
336
340
334
335
339
335
337
337
335
335
340
333
338
336
335
337
339
334
336
338
335
337
336
334
336
338
335
336
337
334
336
337
333
336
337
333
337
337
333
334
340
332
338
338
333
337
337
335
338
336
335
338
337
335
340
338
336
337
337
335
338
337
338
338
336
340
336
337
340
336
337
342
335
338
342
338
337
341
338
344
337
342
341
342
338
345
340
344
344
343
344
342
346
343
343
345
346
343
348
343
343
346
345
346
345
342
344
347
345
343
347
341
343
344
345
344
344
342
345
342
346
343
342
342
344
341
345
344
341
344
342
341
343
344
343
342
346
342
340
343
344
340
347
342
340
345
342
342
344
342
340
346
341
342
345
340
343
344
341
343
345
340
343
344
339
345
340
344
342
343
342
341
343
344
342
343
344
341
343
343
340
345
345
342
341
345
340
347
344
343
344
343
346
342
343
346
343
342
347
341
346
344
344
345
344
344
347
346
344
347
344
350
343
344
346
343
344
348
346
350
342
347
348
344
345
349
343
346
349
344
345
347
343
348
347
343
345
344
344
346
343
345
343
343
345
342
343
344
344
341
347
340
343
344
342
342
346
339
343
344
342
344
344
340
343
343
342
342
344
342
341
342
340
341
344
338
342
341
341
340
341
340
339
342
340
340
340
342
338
340
341
339
338
342
337
340
338
339
337
340
336
338
342
338
338
337
341
335
338
338
337
339
338
339
336
339
336
338
337
338
337
336
338
335
336
339
335
336
338
335
336
337
334
338
335
335
339
333
338
336
336
338
337
335
338
337
335
342
332
337
340
335
337
340
336
336
342
333
338
338
334
339
339
335
338
337
335
337
336
335
337
334
338
333
335
338
334
334
338
333
335
337
334
336
337
336
333
335
337
334
336
338
334
334
338
333
336
336
334
335
334
335
334
336
335
334
334
337
330
338
336
332
335
337
332
336
333
334
333
335
335
336
333
334
335
333
339
332
335
338
333
335
339
335
335
339
336
339
335
337
341
337
337
341
337
338
343
335
340
344
337
341
341
338
339
343
339
339
344
339
339
340
343
338
341
342
338
343
341
339
341
341
336
346
339
339
343
341
342
342
341
342
341
342
344
341
340
347
341
343
346
341
342
347
342
344
347
342
346
344
346
344
345
343
347
343
347
345
343
345
345
344
348
345
343
346
344
346
344
344
347
343
343
349
342
343
349
342
345
348
341
349
346
344
347
346
347
345
346
347
346
348
346
345
347
344
347
347
345
346
349
343
347
347
344
344
348
348
344
345
346
348
345
347
344
343
349
347
347
346
347
350
348
348
348
350
349
350
349
349
347
349
345
352
345
346
350
345
344
350
342
348
346
345
345
347
344
346
347
344
346
344
345
344
345
347
347
343
346
343
344
347
343
346
347
340
348
344
343
342
345
343
346
342
343
342
342
346
341
342
342
341
343
344
338
343
341
342
341
342
340
341
340
341
339
339
340
342
338
338
343
334
342
340
338
340
339
340
338
342
338
341
339
341
337
338
341
338
341
340
336
338
340
337
341
337
340
341
340
343
339
339
345
339
339
346
336
342
345
338
342
344
339
343
344
339
345
341
341
342
344
338
344
343
340
341
342
338
340
343
338
341
341
339
340
340
337
341
342
337
338
343
336
341
340
338
339
344
337
340
340
336
342
340
338
341
342
337
343
342
340
342
342
340
341
344
339
342
341
339
342
343
340
339
344
336
341
344
337
341
342
339
341
344
338
342
339
343
341
340
343
340
341
343
343
340
343
340
341
344
340
343
344
340
343
343
339
342
343
339
342
344
339
343
343
340
344
340
343
342
340
344
339
340
345
339
342
345
339
343
344
340
343
344
342
344
342
342
344
342
341
344
344
342
344
341
344
343
344
342
345
342
345
343
345
343
344
345
342
344
345
343
343
346
340
347
343
344
342
343
342
346
342
344
344
342
345
342
343
344
341
342
345
339
344
345
341
342
341
340
345
339
338
345
342
340
344
341
341
343
342
342
342
341
343
341
340
344
341
341
345
331
350
344
338
344
343
338
343
344
339
341
343
337
341
341
342
340
344
338
342
342
340
340
342
338
342
345
339
341
342
338
342
343
337
341
342
340
339
342
337
343
342
338
342
338
342
340
340
341
336
339
344
339
344
337
342
342
340
341
341
341
342
343
339
342
342
343
338
342
343
340
338
344
337
342
341
340
339
342
338
341
339
341
338
338
340
340
339
340
339
338
341
336
338
340
336
339
339
333
342
337
336
337
336
338
337
337
338
337
335
338
333
334
342
334
336
338
334
337
337
333
337
337
332
339
333
334
336
335
337
335
334
338
334
334
339
331
336
341
333
336
335
332
339
334
336
335
335
338
335
335
339
334
336
337
334
338
336
335
336
336
339
333
337
339
336
335
340
332
339
337
335
339
336
338
335
335
343
334
337
341
333
340
337
337
337
337
341
335
337
341
335
338
339
335
339
339
336
338
336
337
338
338
335
336
338
339
334
335
330
330
345
336
331
338
336
333
334
337
333
336
335
333
335
334
335
335
335
336
336
333
340
332
335
336
334
336
337
334
335
337
333
336
338
332
337
338
335
335
338
331
336
336
335
335
337
331
335
336
332
335
336
334
335
335
333
335
337
331
334
335
331
334
337
330
335
337
332
335
337
331
336
335
333
335
335
332
338
334
334
336
335
335
336
335
336
334
335
340
334
335
337
335
335
341
335
336
338
335
336
340
335
338
339
336
339
342
337
337
339
339
338
341
337
338
339
340
337
341
338
337
339
337
337
339
336
336
339
334
337
339
332
338
339
334
336
339
332
336
339
333
336
338
331
337
335
334
335
337
332
335
336
333
335
337
331
337
336
332
335
337
331
335
335
331
335
334
333
332
334
333
334
332
332
333
334
331
333
335
331
334
334
330
333
334
331
332
338
330
332
337
329
334
335
330
335
333
331
333
334
332
335
331
334
332
331
333
333
331
334
330
332
335
331
331
335
331
332
335
329
333
337
330
333
337
329
336
333
330
334
332
331
336
333
333
333
332
333
333
333
332
334
330
334
329
332
336
330
331
335
327
333
332
329
330
334
327
333
332
328
331
331
328
334
329
330
331
330
329
333
328
328
331
329
326
333
327
325
330
330
323
331
327
327
328
327
327
326
325
330
326
325
329
322
326
326
325
323
326
325
325
327
323
322
325
322
325
322
322
325
324
322
320
325
326
323
326
320
325
354
321
326
324
326
327
323
329
323
327
328
327
325
327
332
324
329
332
328
329
329
334
328
330
332
333
327
330
336
330
331
331
335
328
335
335
329
335
332
336
331
335
336
333
335
336
340
334
338
340
339
339
338
342
339
342
344
340
340
349
337
344
346
344
344
348
349
347
345
353
347
347
354
350
350
354
350
353
354
353
351
354
355
352
354
358
355
354
354
357
353
354
358
356
357
361
357
359
360
362
357
360
363
358
363
364
363
360
362
364
372
373
373
376
380
381
381
380
381
383
383
382
386
384
383
385
380
380
380
380
380
381
381
380
381
383
380
380
379
381
388
383
383
388
385
385
388
391
389
390
390
392
396
389
393
391
391
393
389
392
394
393
392
390
389
392
391
388
389
387
388
391
389
392
388
388
392
388
389
389
388
397
394
397
396
398
398
400
398
401
403
399
402
404
402
397
400
399
396
394
397
393
395
399
401
398
400
404
401
400
396
398
398
396
398
397
400
400
401
401
405
405
406
404
407
405
405
403
405
402
404
400
411
412
411
412
415
410
413
414
411
411
414
419
415
421
423
423
428
431
437
439
437
438
432
434
432
428
427
434
432
434
435
436
436
433
436
437
437
430
433
436
436
434
439
442
457
455
452
459
455
454
452
455
450
454
454
458
453
458
463
465
469
473
480
481
485
487
483
482
474
472
469
469
465
459
458
462
457
457
451
450
451
459
453
455
454
452
452
448
448
447
457
452
451
450
454
449
450
447
444
444
438
438
440
431
431
432
426
427
427
424
424
426
423
424
425
421
422
423
423
421
423
421
423
424
421
424
427
424
424
427
426
428
427
428
428
428
430
430
433
436
434
437
437
436
435
437
436
436
436
435
434
437
436
436
436
437
438
437
434
437
439
439
437
436
435
434
438
436
436
440
437
438
439
439
431
437
437
433
430
430
430
429
431
435
429
432
433
430
431
431
432
429
432
428
430
432
429
430
429
430
428
429
429
430
431
432
432
430
433
434
432
430
431
435
438
438
440
438
440
445
441
443
441
441
443
443
442
448
449
460
455
459
464
458
459
459
457
460
455
459
455
459
455
459
458
455
456
458
460
466
466
469
478
475
479
480
480
478
480
483
479
477
479
483
479
479
478
479
479
477
477
479
478
479
476
474
477
478
477
478
479
478
479
481
479
483
484
485
486
484
482
485
481
480
478
479
476
476
470
472
470
467
466
467
464
457
456
458
451
451
448
447
442
444
448
441
441
441
439
436
438
433
435
432
430
430
429
429
427
427
420
423
419
417
419
417
417
416
413
414
412
410
412
410
411
410
411
413
409
409
409
413
416
410
412
415
412
413
415
412
413
417
413
416
415
416
415
416
414
415
418
414
412
416
416
415
415
420
416
417
415
419
417
416
416
414
418
416
417
418
416
417
416
414
415
415
413
415
416
411
412
414
410
407
412
413
408
410
410
408
404
410
410
406
407
404
408
405
408
405
406
405
408
408
406
405
407
410
405
410
411
406
411
409
410
410
409
413
412
414
417
416
415
417
418
416
419
416
423
419
424
421
424
427
424
426
425
423
424
424
420
423
423
423
423
424
425
421
427
428
426
427
427
426
424
427
430
427
426
426
425
425
423
427
422
427
428
426
431
430
428
427
431
431
428
429
433
428
430
431
427
430
429
429
429
428
425
429
431
427
427
428
430
430
430
430
429
429
432
425
426
430
431
431
430
437
437
435
433
439
439
437
441
437
437
437
437
435
436
435
434
436
437
438
440
441
444
448
449
448
450
455
454
454
456
457
455
453
452
457
453
451
450
454
455
456
454
456
462
459
465
464
467
469
466
464
466
464
467
464
464
463
463
461
459
457
459
455
457
455
456
456
457
459
459
457
458
455
455
456
455
450
454
451
457
452
453
455
452
452
450
452
451
453
452
453
452
453
451
452
455
455
452
455
453
453
451
456
452
454
457
453
454
454
459
457
458
460
462
461
460
456
452
453
456
451
451
451
454
452
453
454
461
461
462
462
463
462
463
458
459
458
455
458
456
455
451
455
452
451
453
451
449
450
453
452
452
455
452
455
455
457
455
455
455
453
451
451
451
447
451
447
446
447
446
446
446
449
448
448
449
453
457
455
458
456
456
454
449
454
450
450
446
447
442
445
441
443
439
442
437
439
437
440
434
437
437
435
435
432
437
432
434
431
436
432
434
435
435
434
435
432
437
444
441
440
439
439
437
437
431
434
432
432
429
429
431
429
426
427
429
427
424
426
428
428
428
426
430
429
429
431
431
428
433
433
433
431
435
432
432
432
435
433
434
432
431
433
434
437
434
435
437
435
433
436
435
430
434
432
433
428
430
432
429
430
431
432
430
436
437
436
440
439
441
440
439
443
437
439
439
441
437
439
442
438
443
441
442
441
443
443
441
442
444
441
441
440
439
437
436
437
439
439
437
436
438
441
439
443
438
444
442
441
448
445
447
446
446
448
448
446
445
443
449
446
450
445
452
449
448
444
443
448
443
443
442
444
442
449
446
449
449
454
451
454
456
452
451
454
450
449
449
446
443
440
440
442
441
437
440
438
438
438
437
442
439
443
444
444
443
443
444
440
440
439
437
437
436
434
429
432
431
427
424
421
421
417
415
409
413
410
407
408
408
408
408
408
404
407
402
404
404
402
404
399
402
401
399
401
398
399
396
398
398
396
399
397
399
400
397
398
400
401
398
401
403
400
401
399
402
404
399
402
403
405
403
403
404
404
406
406
404
402
403
403
402
402
401
403
398
401
403
399
402
397
396
397
396
397
394
396
396
392
396
393
395
392
394
392
391
391
388
394
387
389
389
387
389
385
393
386
388
391
388
388
389
386
387
386
386
389
388
392
387
389
387
387
389
389
388
388
391
386
391
391
391
390
390
392
392
394
393
396
394
396
396
401
396
402
401
405
404
406
410
411
414
411
415
417
420
423
420
422
424
425
423
427
429
432
435
433
437
437
442
439
441
440
445
443
445
445
446
446
449
448
452
453
452
455
457
459
459
461
461
463
464
464
463
466
465
464
464
467
464
468
469
475
471
474
477
475
475
475
473
473
471
473
471
475
473
473
473
474
469
469
463
464
456
459
460
456
456
456
459
459
458
461
461
460
457
458
455
454
456
453
455
451
452
451
456
455
458
457
461
461
462
461
464
459
457
459
456
455
453
452
452
450
453
448
451
449
424
449
448
452
453
450
451
452
448
445
446
446
444
442
438
442
438
437
440
437
437
437
441
439
440
437
440
435
437
437
433
433
432
431
431
431
430
429
428
426
427
427
426
427
427
425
429
427
431
427
430
429
431
430
429
434
431
432
429
434
431
434
432
435
434
434
435
434
435
434
437
437
434
437
437
438
436
437
438
437
437
437
440
437
436
437
436
436
435
435
437
430
430
435
436
441
440
438
445
445
448
441
444
443
440
442
440
437
437
441
437
439
439
442
440
444
443
447
449
448
452
447
455
453
452
452
455
455
454
455
451
450
451
450
451
448
452
453
454
453
455
456
457
458
454
457
454
456
450
449
448
452
452
448
453
456
458
460
458
463
467
469
467
466
469
473
468
462
466
467
468
469
469
469
472
472
470
474
464
469
469
471
466
470
473
471
465
469
470
476
473
475
476
476
473
478
477
478
479
478
475
475
476
474
468
472
470
469
468
463
468
472
470
473
470
472
468
464
462
462
460
462
462
465
463
469
470
468
471
477
477
481
476
476
478
471
471
473
469
468
468
469
469
467
469
472
473
477
479
480
479
478
476
477
474
473
468
471
469
469
469
470
469
469
473
471
471
474
474
473
474
474
473
471
470
468
466
464
466
463
464
464
467
463
466
466
469
466
465
466
470
466
464
467
467
470
472
471
472
469
475
471
472
469
474
472
475
477
478
477
482
477
479
480
486
485
484
485
487
487
483
479
483
488
489
490
494
493
495
