[Params]
Version=106
Monitor=34
SMode=111111100
Date=20160224
StartTime=09:18:20.0
Length=00:45:24.1
Interval=1
Upper1=0
Lower1=0
Upper2=0
Lower2=0
Upper3=180
Lower3=170
Timer1=00:00:00.0
Timer2=00:00:00.0
Timer3=00:00:00.0
ActiveLimit=0
MaxHR=195
RestHR=46
StartDelay=0
VO2max=48
Weight=66

[Note]

[IntTimes]
00:01:00.0	106	95	104	111
0	0	0	0	0	0
0	0	0	0	0
33554432	226	0	0	0	0
500	0	0	0	0	0
00:01:47.4	96	83	94	106
0	0	0	0	0	0
0	0	0	0	0
33554432	84	0	0	0	0
500	0	0	0	0	0
00:45:24.1	126	0	132	166
0	0	0	61	121	-91
0	0	0	0	0
0	23994	0	40	0	0
0	0	0	0	0	0

[IntNotes]
1	
2	
3	

[ExtraData]

[LapNames]
1	3	
2	3	
3	0	

[Summary-123]
2724	0	2724	0	0	0
195	0	0	46
2724	0	2724	0	0	0
195	0	0	46
0	0	0	0	0	0
195	0	0	46
0	2724

[Summary-TH]
2724	0	2724	0	0	0
195	0	0	46
0	2724

[HRZones]
190
175
162
152
143
133
0
0
0
0
0

[SwapTimes]

[Trip]
239
0
2724
-94
-91
350
738
791

[HRData]
97	197	77	-95	89	5438
97	197	77	-95	89	5438
97	205	83	-95	94	5688
98	209	87	-95	102	5172
98	213	89	-95	104	5938
98	213	91	-95	103	5943
95	214	93	-95	109	6706
96	208	93	-95	110	7478
99	208	92	-95	112	6706
99	210	93	-95	117	5943
101	207	92	-94	117	5943
101	208	92	-94	110	6191
101	209	91	-94	110	6449
102	209	91	-94	110	6705
101	208	91	-94	110	6705
100	208	91	-94	129	6698
101	209	92	-94	126	6701
101	209	91	-94	122	6706
102	207	91	-94	117	6451
102	207	90	-94	106	6447
102	207	91	-94	105	6958
104	208	91	-94	107	7986
104	210	91	-94	109	7223
103	209	92	-94	111	7216
104	211	91	-94	104	7218
104	210	91	-94	99	6191
105	208	91	-94	99	6191
106	212	91	-94	99	5942
106	213	93	-94	102	5169
106	216	94	-94	108	5424
106	223	96	-94	119	5433
107	232	98	-94	116	5175
107	232	100	-94	114	6448
109	227	100	-94	110	7471
111	221	99	-94	105	7725
111	229	98	-94	95	7226
110	229	100	-94	99	7733
110	228	100	-94	102	7730
110	230	100	-94	102	7985
109	231	101	-94	108	8495
108	231	101	-94	106	9267
107	231	100	-94	106	8241
108	230	101	-94	110	7469
107	228	101	-94	106	7218
108	227	99	-94	104	7217
108	224	99	-94	106	6961
107	226	97	-94	109	6462
109	225	99	-94	104	6708
108	230	98	-94	107	6959
106	228	99	-94	107	6959
107	227	100	-94	108	6447
106	229	98	-94	110	6710
106	228	100	-94	105	6713
106	227	99	-94	103	8504
105	226	98	-94	107	8243
105	225	98	-94	108	7732
106	224	98	-94	101	6452
106	225	98	-94	101	6453
106	226	98	-94	96	6965
105	213	89	-94	92	7230
106	213	89	-94	98	7226
106	213	89	-94	98	7226
101	213	0	-94	0	50
100	213	0	-94	0	50
99	0	0	-94	0	50
100	0	0	-94	0	50
101	0	0	-94	0	50
101	0	0	-94	0	50
99	0	0	-94	0	50
98	0	0	-94	0	50
93	0	0	-94	0	50
91	0	0	-94	0	50
90	0	0	-94	0	50
88	0	0	-94	0	50
86	0	0	-94	0	50
85	0	0	-94	0	50
85	0	0	-94	0	50
87	0	0	-94	0	50
90	0	0	-94	0	50
93	0	0	-94	0	50
94	0	0	-94	0	50
89	0	0	-94	0	50
86	0	0	-94	0	50
86	0	0	-94	0	50
83	0	0	-94	0	50
84	0	0	-94	0	50
87	0	0	-94	0	50
87	0	0	-94	0	50
89	0	0	-94	0	50
95	160	0	-94	0	50
95	213	77	-94	0	50
96	226	84	-94	112	42
97	228	96	-94	116	9518
97	228	98	-94	116	8241
97	229	98	-94	116	8241
96	229	100	-94	122	6696
96	230	100	-94	123	6956
94	225	100	-94	115	6445
94	226	98	-94	118	6959
94	222	97	-94	118	7215
96	225	97	-94	116	7472
96	219	98	-94	116	7223
98	222	95	-94	108	7737
98	218	96	-94	108	7476
98	218	95	-94	106	7476
97	214	94	-94	105	7991
97	213	93	-94	101	7477
97	214	92	-94	103	6966
97	220	93	-94	102	7478
98	224	95	-94	104	7733
98	226	97	-94	102	6711
100	229	98	-94	102	6969
100	230	100	-94	101	6458
99	231	100	-94	101	6458
99	231	100	-94	96	6194
98	229	99	-94	100	6960
98	229	101	-94	98	6197
98	228	99	-94	98	6457
98	229	100	-94	106	6454
99	227	99	-94	101	6971
102	227	99	-94	100	8246
102	227	99	-94	100	8246
102	229	100	-94	98	6969
100	230	101	-94	95	7728
99	231	100	-94	95	8244
100	232	101	-94	100	9012
101	231	102	-94	99	8246
102	230	100	-94	113	5178
104	227	100	-94	113	5178
105	227	99	-94	110	5679
105	226	99	-94	114	6210
105	226	98	-94	113	6204
104	227	99	-94	122	6700
102	227	99	-94	117	7229
102	228	100	-94	112	7230
101	227	99	-94	113	6704
100	230	100	-94	115	6453
103	232	100	-94	105	6969
107	232	102	-94	108	5694
107	232	101	-94	107	5941
107	232	102	-94	108	6707
105	228	101	-94	113	7479
104	231	100	-94	109	6712
102	231	101	-94	113	6706
101	230	101	-94	112	6961
103	229	99	-94	109	7982
105	229	100	-94	108	7463
105	223	99	-94	110	7221
102	226	98	-94	112	7989
103	229	98	-94	113	7219
103	230	101	-94	107	5944
106	232	100	-94	112	5678
108	231	100	-94	108	5678
109	231	101	-94	104	5937
109	228	100	-94	109	5432
108	230	100	-94	104	6964
107	227	100	-94	110	7988
107	227	99	-94	106	7995
108	231	99	-94	112	6978
108	231	100	-94	108	7733
109	229	100	-94	111	6455
109	230	100	-94	108	5947
110	228	101	-94	108	6446
109	228	99	-94	104	6708
109	230	100	-94	104	7984
108	232	100	-94	111	6699
106	230	101	-94	111	6196
107	229	101	-94	114	6707
106	229	100	-94	122	6186
107	228	100	-94	124	6973
107	227	99	-94	116	7736
108	231	99	-94	113	6457
109	230	101	-94	114	7478
109	230	101	-94	114	7731
109	227	101	-94	111	6701
107	227	99	-94	111	6701
108	229	99	-94	105	6960
107	224	99	-94	106	7473
106	227	97	-94	103	7732
108	230	99	-94	99	7221
108	229	100	-94	104	5933
108	228	100	-94	107	5940
109	230	99	-94	100	6712
109	227	101	-94	98	5692
108	229	100	-94	107	6458
106	228	99	-94	113	7218
106	228	100	-94	109	7224
106	233	100	-94	106	7734
107	233	98	-94	102	7728
106	232	99	-94	99	8242
107	232	98	-94	98	7218
106	233	98	-94	104	7479
107	231	99	-94	104	7479
106	233	99	-94	110	6199
106	232	98	-94	118	5414
106	235	99	-94	120	5691
105	236	99	-94	120	5691
105	236	99	-94	114	5436
107	236	100	-94	111	5943
106	233	100	-94	110	7480
105	233	99	-94	107	9010
104	233	98	-94	108	6956
106	232	98	-94	111	6459
105	234	98	-94	120	5695
106	221	100	-94	119	6719
106	244	98	-94	120	6964
107	239	100	-94	118	7222
106	237	100	-94	116	6972
106	234	99	-94	125	5933
106	237	99	-94	117	6709
108	233	100	-94	110	5677
106	237	99	-94	106	6199
105	236	100	-94	109	5954
105	236	100	-94	104	6192
104	234	100	-94	103	5434
103	234	98	-94	102	5947
103	236	99	-94	98	6717
104	235	100	-94	98	6715
104	238	100	-94	98	6715
105	237	100	-94	105	6452
105	234	100	-94	103	8243
106	235	99	-94	105	7476
107	238	99	-94	104	7218
106	234	100	-94	104	7219
106	233	100	-94	99	7218
105	235	98	-94	102	7738
102	238	99	-94	105	7737
103	238	100	-94	103	7739
103	237	100	-94	100	7473
103	238	101	-94	106	6453
105	239	101	-94	103	6714
105	235	100	-94	105	6717
107	236	99	-94	110	5681
107	236	100	-94	104	6463
107	234	99	-94	101	5185
104	233	99	-94	97	5949
103	235	99	-94	100	6970
103	235	100	-94	94	6711
104	234	98	-94	103	7217
106	232	99	-94	103	7217
107	232	98	-94	102	5682
108	232	99	-94	102	6456
109	232	99	-94	103	6966
108	234	99	-94	104	7481
108	234	100	-94	119	6446
107	233	99	-94	119	6446
106	234	98	-94	113	6453
106	238	99	-94	109	5685
105	233	100	-94	108	6197
106	235	100	-94	105	7218
107	240	99	-94	101	7475
106	238	101	-94	100	6968
107	239	100	-94	103	6716
107	238	101	-94	100	6970
107	239	101	-94	101	6971
108	240	102	-94	102	6721
107	240	101	-94	100	6717
106	243	102	-94	105	5936
106	243	102	-94	100	6195
106	237	101	-94	104	5170
105	240	101	-94	110	6448
105	244	101	-94	108	5676
106	241	103	-94	107	5941
106	243	102	-94	111	6202
107	241	102	-94	105	7219
107	240	101	-94	102	7728
108	242	102	-94	101	7479
109	237	102	-94	107	6454
108	239	101	-94	104	6439
105	238	102	-94	102	5672
105	235	99	-94	105	5933
105	235	100	-94	103	5676
105	235	99	-94	103	5169
106	234	100	-94	112	5685
106	236	100	-94	106	5683
108	234	100	-94	112	5682
108	235	99	-94	109	5946
109	235	100	-94	118	4921
110	233	98	-94	111	5158
112	235	99	-94	111	5174
111	234	100	-94	110	4922
109	234	100	-94	110	4922
106	237	99	-94	105	4913
106	237	100	-94	110	5169
108	238	100	-94	108	5688
109	239	101	-94	107	6190
110	239	102	-94	107	5933
111	237	101	-94	107	5933
111	237	101	-94	103	6703
112	241	101	-94	101	7467
111	250	100	-94	103	7989
111	250	103	-94	103	6714
110	288	103	-94	108	6703
111	302	107	-94	110	6452
111	310	107	-94	118	5945
112	306	107	-94	118	5945
113	304	105	-94	133	6450
114	303	103	-94	135	6198
114	302	103	-94	135	6198
114	304	104	-94	133	6449
114	306	104	-94	147	5682
115	303	104	-94	144	6194
115	308	104	-94	149	6200
114	301	105	-94	177	5686
114	300	103	-94	175	6723
113	302	103	-94	165	6464
114	296	103	-94	159	5949
113	299	102	-94	153	4920
115	298	102	-94	155	5683
115	297	102	-94	160	5683
115	302	103	-94	154	6197
115	297	103	-94	152	6196
115	300	103	-94	149	7221
115	301	102	-94	143	7477
114	295	104	-94	137	6959
115	296	102	-94	143	6705
114	296	101	-94	143	6705
115	301	102	-94	143	6710
116	298	103	-94	136	6450
115	300	102	-94	132	6197
115	298	103	-94	130	5688
116	302	102	-94	132	6200
117	298	103	-94	139	6204
116	301	103	-94	138	6207
116	298	103	-94	136	6463
116	307	103	-94	134	6204
115	302	104	-94	134	6204
115	304	103	-94	128	5417
115	298	104	-94	126	5170
115	298	103	-94	126	4659
116	301	104	-94	127	5168
116	303	104	-94	136	6453
117	303	104	-94	136	6453
119	290	104	-94	130	6455
118	300	104	-94	130	5689
117	300	102	-94	134	5195
117	299	103	-94	132	5182
116	308	105	-94	136	6456
117	305	107	-94	141	5948
116	306	106	-94	139	5943
118	307	105	-94	135	5431
118	307	105	-94	129	6201
118	309	106	-94	127	5688
119	305	106	-94	135	5439
118	303	105	-94	136	5928
118	304	105	-94	141	6196
117	309	105	-94	135	6456
117	304	106	-94	149	5433
117	306	106	-94	137	5436
116	307	105	-94	137	5179
116	309	105	-94	135	6200
117	306	106	-94	135	5437
117	306	105	-94	139	5691
118	311	107	-94	147	4927
117	309	106	-94	147	4661
117	308	106	-94	147	4661
117	311	108	-94	141	6452
118	311	107	-94	140	5935
118	311	107	-94	134	5684
118	309	106	-94	137	5692
117	312	107	-94	138	5683
119	312	107	-94	145	5169
119	312	106	-94	133	5951
119	313	106	-94	133	5951
118	305	107	-94	143	5433
117	308	106	-94	142	5687
117	306	106	-94	143	5184
117	305	105	-94	143	5184
116	306	104	-94	137	5691
117	306	106	-94	138	5435
118	306	106	-94	137	5436
118	309	106	-94	158	4143
119	306	105	-94	160	4670
120	306	106	-94	139	5173
120	305	105	-94	134	5432
118	306	105	-94	134	5943
118	306	105	-94	133	5939
117	304	105	-94	133	5432
117	309	105	-94	139	5427
117	309	106	-94	139	5175
116	306	107	-94	139	5179
118	307	105	-94	148	4909
118	306	105	-94	143	5176
118	306	105	-94	147	5423
117	309	106	-94	141	4919
113	308	106	-94	137	5178
114	308	106	-94	143	5444
114	308	106	-94	147	6208
115	308	106	-94	147	5938
115	302	104	-94	150	5173
116	302	104	-94	147	5695
116	304	104	-94	134	5436
116	299	104	-94	135	5432
115	306	104	-94	130	5685
114	309	105	-94	135	6961
114	309	106	-94	134	6701
115	306	105	-94	134	6701
115	308	107	-94	153	4146
117	303	104	-94	147	5171
117	303	105	-94	146	4919
117	308	106	-94	146	4919
118	309	105	-94	140	5941
117	313	107	-94	145	5437
117	311	107	-94	143	5435
117	311	107	-94	142	5432
117	316	107	-94	141	5176
117	311	108	-94	158	4669
117	314	108	-94	154	4663
118	315	108	-94	135	5165
119	312	108	-94	129	5425
120	313	108	-94	134	5680
120	311	108	-94	125	5688
119	315	107	-94	125	5185
119	316	109	-94	131	5451
119	313	108	-94	131	5451
120	316	108	-94	135	6463
120	316	109	-94	132	6715
119	314	108	-94	132	6964
119	315	108	-94	133	6706
118	309	108	-94	133	6706
119	313	107	-94	144	5693
119	313	108	-94	141	6202
120	312	107	-94	142	6712
120	315	108	-94	135	7227
120	315	108	-94	132	6704
119	313	108	-94	129	7731
119	315	108	-94	129	6463
120	309	108	-94	180	4916
120	311	106	-94	176	5427
119	316	107	-94	162	5693
119	309	109	-94	146	5943
118	313	108	-94	153	5416
118	313	108	-94	150	6189
118	310	106	-94	150	6189
118	308	106	-94	147	5935
119	313	107	-94	136	4928
119	309	107	-94	133	6198
120	310	106	-94	130	6706
120	312	107	-94	130	5420
120	312	107	-94	129	4919
120	310	106	-94	128	4939
120	310	106	-94	132	5694
119	311	107	-94	125	6458
118	312	107	-94	125	6199
118	308	107	-94	152	4422
118	309	106	-94	159	5420
119	309	107	-94	147	5679
120	311	107	-94	147	5679
120	309	107	-94	149	6195
121	307	106	-94	150	6447
120	309	105	-94	148	6452
120	309	106	-94	139	6452
119	308	105	-94	128	5183
118	308	106	-94	139	4681
118	309	106	-94	132	5443
118	312	106	-94	137	6206
119	307	107	-94	135	5949
120	305	105	-94	129	5687
121	315	105	-94	128	5169
121	311	106	-94	132	4398
121	313	107	-94	135	5423
121	311	107	-94	157	4665
120	308	106	-94	198	5174
120	310	106	-94	176	5442
121	311	107	-94	180	4927
121	309	106	-94	170	5436
123	312	106	-94	154	5420
123	309	106	-94	175	4146
124	313	107	-94	168	4673
123	313	107	-94	164	5690
122	310	107	-94	145	6708
122	310	107	-94	137	6711
121	310	106	-94	136	6458
120	310	107	-94	136	6458
120	315	108	-94	139	6716
120	310	107	-94	148	4933
120	313	106	-94	143	4927
121	314	108	-94	146	5439
121	310	107	-94	146	5177
122	310	107	-94	134	5443
122	310	106	-94	133	5951
123	310	106	-94	140	5696
122	310	106	-94	139	6198
122	311	106	-94	132	6712
121	309	106	-94	130	6453
120	311	106	-94	130	6453
120	317	107	-94	121	6185
120	311	108	-94	132	5174
119	310	107	-94	134	4656
119	311	106	-94	138	5425
116	310	106	-94	143	5942
114	312	107	-94	146	5427
113	314	106	-94	139	4415
113	312	108	-94	135	5179
116	313	106	-94	130	4920
117	312	107	-94	131	5172
118	310	107	-94	132	5177
118	310	106	-94	141	5680
117	312	107	-94	137	6197
117	312	107	-94	150	5948
116	312	107	-94	150	5948
116	314	107	-94	159	5681
117	313	108	-94	153	5418
118	310	107	-94	143	5169
119	313	107	-94	132	4669
118	313	107	-94	134	4671
119	316	109	-94	136	4912
119	313	108	-94	192	4652
120	309	108	-94	167	5170
120	314	105	-94	157	5434
121	316	106	-94	157	5434
121	310	107	-94	144	5954
121	305	107	-94	144	6454
121	298	105	-94	134	6710
121	316	103	-94	131	6449
122	309	106	-94	129	6450
121	309	107	-94	132	7222
120	310	106	-94	137	6973
120	314	107	-94	143	6455
120	313	107	-94	138	6699
121	310	108	-94	147	4902
120	312	106	-94	142	5434
121	314	106	-94	129	6450
120	312	108	-94	129	6450
121	312	106	-94	140	5177
120	310	106	-94	138	5693
120	308	107	-94	147	4651
120	305	106	-94	143	5169
120	309	105	-94	148	4152
121	307	106	-94	151	4659
121	307	105	-94	151	4397
120	312	106	-94	165	4657
120	309	106	-94	162	4649
120	308	106	-94	151	4649
120	309	105	-94	140	5938
120	305	105	-94	139	5680
122	309	105	-94	139	5424
122	307	104	-94	129	6448
122	310	105	-94	127	6187
121	308	106	-94	130	6704
121	312	106	-94	130	6704
121	310	107	-94	134	7729
121	307	106	-94	130	8241
121	308	106	-94	135	7732
122	309	106	-94	135	7732
121	305	105	-94	146	7737
121	307	105	-94	148	7227
121	308	106	-94	143	7473
122	310	106	-94	143	7473
121	309	106	-94	154	6726
119	307	105	-94	147	5698
118	311	106	-94	143	5437
118	309	107	-94	141	5432
117	310	106	-94	133	5942
119	311	106	-94	131	5941
119	313	106	-94	127	6710
119	313	107	-94	135	6204
119	307	106	-94	134	6202
120	310	106	-94	135	5945
118	311	105	-94	131	5673
118	310	107	-94	131	6192
117	313	106	-94	130	6188
117	319	106	-94	128	5942
118	309	109	-94	149	5687
118	309	109	-94	143	5433
119	304	107	-94	139	5176
118	302	107	-94	140	5434
115	302	105	-94	136	5691
116	302	105	-94	136	5949
115	301	104	-94	135	6199
116	301	105	-94	127	6707
115	307	104	-94	129	6449
116	307	105	-94	124	6198
116	302	105	-94	124	6198
117	298	104	-94	141	5688
117	296	103	-94	136	5943
117	298	102	-94	138	5943
114	296	103	-94	135	6199
114	300	103	-94	143	4916
113	304	104	-94	143	5425
114	304	105	-94	137	6196
113	301	105	-94	129	6196
113	299	104	-94	132	6194
113	296	103	-94	130	5680
115	296	103	-94	134	4413
115	296	102	-94	131	4157
113	294	103	-94	134	4657
114	294	101	-94	140	4134
114	295	102	-94	135	4400
113	291	101	-94	134	4916
113	292	102	-94	118	5172
114	292	102	-94	118	5172
114	294	101	-94	119	4668
114	298	103	-94	119	4668
113	298	104	-94	168	5170
112	296	102	-94	167	5937
114	297	103	-94	163	6197
113	295	102	-94	159	6438
113	297	102	-94	159	6438
113	304	103	-94	137	5934
113	295	105	-94	139	5675
113	301	104	-94	134	5678
114	303	103	-94	136	5675
114	300	104	-94	139	4917
115	301	104	-94	139	5685
116	301	104	-94	130	6454
115	299	104	-94	136	5934
113	304	103	-94	134	5161
113	304	106	-94	143	5678
113	302	104	-94	144	6195
114	294	104	-94	138	5940
115	298	102	-94	131	5164
116	299	103	-94	124	5681
116	296	103	-94	122	5686
116	296	103	-94	130	5427
114	296	103	-94	120	6196
114	299	103	-94	113	6196
115	300	103	-94	117	6964
116	300	104	-94	133	6965
116	304	105	-94	129	7477
116	304	106	-94	129	6968
116	304	105	-94	125	5936
117	299	105	-94	123	6451
118	302	104	-94	119	6451
119	307	105	-94	121	6709
117	304	105	-94	123	5943
118	302	105	-94	125	5935
119	304	104	-94	119	6445
119	302	104	-94	123	5932
118	304	105	-94	120	6187
117	299	105	-94	115	6192
118	303	104	-94	112	5670
117	306	106	-94	116	4918
118	300	105	-94	114	4913
117	306	105	-94	118	6199
117	304	106	-94	117	5940
116	306	106	-94	117	5940
115	305	105	-94	128	5682
114	304	106	-94	128	5682
115	304	105	-94	137	6189
115	302	106	-94	143	5448
116	302	105	-94	136	5956
115	302	103	-94	139	6963
114	301	104	-94	131	6948
114	298	105	-94	124	7980
114	303	103	-94	122	6958
114	306	104	-94	127	7472
114	306	106	-94	123	7727
115	299	103	-94	121	6193
114	298	103	-94	131	6185
113	299	104	-94	141	6184
113	299	103	-94	125	5941
113	306	103	-94	129	4652
112	309	105	-94	142	6197
112	309	107	-94	158	5685
114	304	106	-94	144	5680
115	303	105	-94	144	6189
116	303	105	-94	146	7729
115	303	105	-94	144	7984
115	297	105	-94	132	7471
114	307	103	-94	126	6965
114	309	105	-94	119	6703
114	300	106	-94	120	6451
114	304	104	-94	118	6967
115	306	105	-94	120	6961
115	309	106	-94	117	5939
115	307	107	-94	124	6707
116	302	105	-94	146	6704
116	304	105	-94	145	6723
116	299	105	-94	148	4927
115	308	105	-94	149	4916
116	304	106	-94	185	5173
115	305	105	-94	185	5429
115	305	105	-94	169	5173
115	307	106	-94	146	5949
115	302	106	-94	169	5173
116	306	104	-94	160	4913
116	306	106	-94	160	4913
117	305	106	-94	169	4657
116	306	105	-94	159	4913
117	306	106	-94	157	4678
116	306	106	-94	149	4926
116	307	105	-94	146	4921
115	304	105	-94	155	4916
115	304	105	-94	149	4412
117	306	104	-94	146	4666
117	304	104	-94	138	4403
116	304	104	-94	138	6190
115	313	104	-94	125	5163
115	308	105	-94	126	4392
116	318	105	-94	121	4916
116	311	107	-94	118	5676
116	311	106	-94	119	6200
117	310	107	-94	124	6205
118	312	106	-94	128	6705
118	315	107	-94	126	6961
119	308	107	-94	121	6960
119	336	105	-94	123	7734
119	387	90	-94	123	7734
119	383	94	-94	125	6450
119	382	96	-94	135	7732
119	378	96	-94	137	6944
119	377	95	-94	131	6432
119	382	96	-94	131	6446
120	380	96	-94	127	7471
121	386	97	-94	130	7981
120	390	98	-94	135	7720
120	389	98	-94	135	7721
120	391	98	-94	133	8247
120	386	99	-94	133	8756
119	386	98	-94	140	8239
120	378	98	-94	132	7208
120	376	96	-94	146	5922
120	380	95	-94	150	5682
120	383	97	-94	140	6181
121	383	97	-94	168	5422
121	391	99	-94	159	6697
121	391	99	-94	158	6697
122	388	99	-94	158	6697
121	391	99	-94	155	7466
122	390	99	-94	160	7216
123	388	98	-94	157	6464
125	386	99	-94	156	6969
124	390	98	-94	156	6969
124	384	99	-94	152	6702
124	390	99	-94	152	7234
125	389	99	-94	159	6963
125	390	99	-94	153	5411
126	390	98	-94	147	5159
126	390	99	-94	147	5159
126	388	99	-94	150	4900
126	390	99	-94	149	5930
126	390	99	-94	141	5934
126	390	99	-94	137	5674
126	388	98	-94	134	5419
125	389	99	-94	134	5416
126	391	99	-94	137	5949
126	392	99	-94	138	5680
126	391	99	-94	137	5668
126	389	99	-94	139	5933
126	385	98	-94	145	5415
127	384	98	-94	149	4387
126	392	98	-94	150	4404
127	392	100	-94	146	5427
127	396	100	-94	148	4912
127	396	100	-94	146	5174
126	398	101	-94	148	5683
127	399	100	-94	144	7212
127	404	101	-94	135	6698
127	415	102	-94	132	7215
127	417	104	-94	142	5924
127	422	102	-94	146	6695
127	422	102	-94	189	4918
127	421	101	-94	195	4395
127	427	101	-94	173	5176
128	419	101	-94	170	5685
128	421	100	-94	161	6192
129	421	100	-94	155	6702
128	423	100	-94	211	4637
129	421	101	-94	190	4643
128	419	101	-94	175	5164
128	419	100	-94	174	5676
128	421	100	-94	169	5415
128	421	100	-94	159	5439
129	417	100	-94	151	5950
129	416	100	-94	146	5439
129	416	99	-94	148	6196
130	416	99	-94	150	6190
129	421	99	-94	142	6189
130	417	101	-94	149	6962
129	417	100	-94	148	6705
129	421	99	-94	147	7469
130	415	100	-94	148	7723
129	419	100	-94	152	9008
129	419	100	-94	149	8243
129	419	100	-94	144	7720
128	417	100	-94	140	7225
129	418	100	-94	136	6961
129	419	100	-94	136	7212
130	418	100	-94	144	6960
130	416	100	-94	147	6966
131	426	100	-94	152	6187
130	433	101	-94	153	6705
129	437	103	-94	160	6702
130	438	98	-94	160	7476
130	432	98	-94	221	5155
130	433	98	-94	200	5671
130	434	98	-94	270	3383
131	439	98	-94	270	3383
131	432	98	-94	225	3879
131	429	97	-94	199	4656
131	433	97	-94	190	5162
131	432	98	-94	184	5675
130	434	98	-94	174	5936
130	429	97	-94	174	5936
130	438	98	-94	170	5934
129	429	98	-94	167	5421
131	433	97	-94	175	5678
130	431	97	-94	196	4154
131	431	98	-94	192	4917
131	429	96	-94	208	4389
131	445	97	-94	213	4394
130	436	97	-94	236	3640
129	436	98	-94	224	3891
129	436	98	-94	234	3876
130	436	98	-94	242	3385
130	436	98	-94	233	3643
130	431	98	-94	233	3643
131	431	97	-94	220	4154
132	422	97	-94	214	4140
133	433	97	-94	197	4395
135	433	97	-94	188	4909
135	427	97	-94	180	5408
134	431	97	-94	175	6438
133	425	97	-94	173	5941
133	432	96	-94	163	6709
132	432	97	-94	161	6967
133	433	97	-94	188	6201
132	429	97	-94	236	4669
132	429	96	-94	328	4410
131	426	96	-94	280	4665
131	426	97	-94	292	3881
130	425	96	-94	291	3872
131	429	96	-94	258	3880
130	431	96	-94	209	4647
130	434	97	-94	192	4393
131	429	97	-94	197	4658
132	425	97	-94	216	4659
132	428	96	-94	209	4650
132	436	98	-94	239	3876
131	437	98	-94	239	3876
132	436	99	-94	250	3615
132	436	98	-94	250	3107
132	432	98	-94	259	2869
131	433	97	-94	272	3117
131	431	98	-94	286	3385
132	432	96	-94	288	3647
132	438	98	-94	252	3902
132	433	98	-94	228	4408
132	434	98	-94	287	3370
133	437	98	-94	239	3621
132	437	98	-94	213	3866
133	437	99	-94	203	4642
132	437	98	-94	183	5677
133	429	98	-94	176	5932
131	429	98	-94	176	5932
130	431	97	-94	176	7217
130	432	97	-94	166	6699
130	436	97	-94	174	5942
130	432	98	-94	174	5942
130	428	98	-94	181	5180
131	426	97	-94	162	5926
130	426	97	-94	164	5928
130	429	96	-94	164	6440
131	429	97	-94	182	5937
131	433	97	-94	178	5941
131	426	97	-94	170	6179
130	431	97	-94	170	6179
130	429	97	-94	288	3629
129	431	97	-94	266	3890
129	431	97	-94	266	3636
130	431	97	-94	216	3890
130	421	97	-94	194	4387
131	419	97	-94	187	5419
131	413	97	-94	181	4902
131	419	96	-94	181	4902
131	417	96	-94	165	5173
130	418	96	-94	165	5173
127	429	96	-94	159	5940
128	435	97	-94	149	6951
128	422	99	-94	149	6951
129	429	98	-94	155	6704
130	444	100	-94	209	5683
130	452	101	-94	272	4402
130	458	99	-94	311	5170
131	458	99	-94	316	4406
132	463	99	-94	316	4406
132	457	99	-94	301	4145
132	454	98	-94	287	4916
132	454	98	-94	322	3895
131	453	98	-94	318	3892
131	452	98	-94	289	4405
132	448	97	-94	240	5680
131	448	97	-94	263	4659
132	453	97	-94	238	4913
132	452	98	-94	230	4653
132	449	97	-94	221	4404
132	453	96	-94	254	3647
132	451	97	-94	328	2613
132	451	96	-94	295	2878
131	453	97	-94	350	3377
132	445	98	-94	336	3381
132	447	96	-94	323	3639
132	445	96	-94	309	3390
132	447	96	-94	269	3897
132	445	96	-94	227	5425
131	447	95	-94	199	5681
131	448	96	-94	187	5675
132	445	96	-94	227	4402
132	443	96	-94	257	4157
132	440	95	-94	258	4158
132	441	95	-94	267	4406
132	445	95	-94	239	4656
131	451	96	-94	221	4404
132	452	97	-94	221	4404
131	449	97	-94	218	4922
132	449	96	-94	208	5176
131	452	96	-94	197	5435
132	453	97	-94	195	5940
131	453	97	-94	200	5180
132	452	96	-94	195	5176
131	457	97	-94	192	5177
131	452	98	-94	192	5177
130	452	97	-94	204	5178
131	452	97	-94	197	5170
131	452	98	-94	186	5167
133	454	98	-94	183	6449
132	456	98	-94	185	6704
132	457	98	-94	198	5182
132	458	99	-94	209	4671
132	461	99	-94	199	5434
131	282	99	-94	190	6198
130	288	90	-94	187	5933
130	270	76	-94	195	3394
129	293	71	-94	195	3394
128	304	75	-94	169	3615
127	304	82	-94	148	4149
126	220	87	-94	139	4139
126	220	0	-94	0	50
125	220	0	-94	0	50
124	20	52	-94	0	50
123	76	51	-94	0	50
120	133	0	-94	0	50
118	120	0	-94	0	50
116	151	41	-94	15	50
116	151	49	-94	31	4146
117	127	47	-94	61	6713
117	127	0	-94	0	50
117	127	0	-94	0	50
118	0	0	-94	0	50
119	0	0	-94	0	50
119	0	0	-94	0	50
117	0	0	-94	0	50
120	0	0	-94	0	50
120	0	0	-94	0	50
120	0	0	-94	0	50
117	0	0	-94	0	50
117	0	0	-94	0	50
115	0	0	-94	0	50
113	0	0	-94	0	50
113	0	0	-94	0	50
116	0	0	-94	0	50
116	0	0	-94	0	50
119	0	0	-94	0	50
119	0	0	-94	0	50
120	0	0	-94	0	50
122	0	0	-94	0	50
122	0	0	-94	0	50
118	122	0	-94	0	50
116	201	75	-94	11	52
115	223	79	-94	111	52
114	227	84	-94	167	19249
114	227	87	-94	164	10284
113	231	89	-94	160	9517
112	228	91	-94	160	8753
111	234	90	-94	162	8753
108	241	92	-94	152	7726
112	237	94	-94	152	7726
114	234	94	-94	160	7473
114	233	93	-94	155	6960
113	234	91	-94	157	6199
112	241	92	-94	157	6196
111	248	95	-94	148	5942
111	246	96	-94	135	6711
113	253	97	-94	139	6199
116	256	99	-94	134	6197
119	256	100	-94	133	5687
121	256	101	-94	133	5945
122	255	100	-94	126	6197
122	256	101	-94	129	6454
122	256	101	-94	131	6716
122	252	100	-94	144	7228
121	261	101	-94	144	6714
122	235	102	-94	151	7736
122	213	95	-94	144	6716
122	172	83	-94	144	6716
121	124	73	-94	132	6459
120	165	62	-94	118	5943
118	240	55	-94	89	5437
116	288	65	-94	85	4926
116	309	75	-94	85	4926
117	317	82	-94	87	4668
118	326	86	-94	105	4664
119	333	90	-94	136	4137
119	338	92	-94	138	4651
120	335	94	-94	142	4403
120	326	93	-94	142	5179
120	329	94	-94	145	5684
120	329	93	-94	148	5419
120	317	93	-94	148	5425
118	337	92	-94	140	5444
118	337	91	-94	141	5180
119	366	90	-94	140	5677
121	366	92	-94	147	5680
121	366	94	-94	157	5678
123	365	94	-94	159	6191
124	366	92	-94	168	5409
124	361	93	-94	164	6449
125	361	93	-94	165	5690
125	371	92	-94	169	5941
125	370	93	-94	163	5680
125	361	94	-94	161	6198
125	360	92	-94	160	7221
125	356	92	-94	166	7732
125	358	91	-94	162	7983
125	353	90	-94	155	7217
125	359	90	-94	158	6455
126	362	91	-94	168	6191
126	358	91	-94	161	5428
126	355	90	-94	150	4156
128	361	91	-94	150	4156
128	363	90	-94	154	5415
128	358	91	-94	156	5423
128	349	91	-94	156	5423
128	352	88	-94	158	5178
129	352	89	-94	173	3866
129	347	89	-94	162	3617
129	353	90	-94	163	4130
128	357	90	-94	176	3638
129	358	90	-94	167	3890
129	355	91	-94	158	3609
129	363	91	-94	158	4395
130	360	91	-94	161	4912
130	357	90	-94	154	4130
130	360	90	-94	157	3894
130	360	90	-94	166	3871
130	358	91	-94	164	4642
129	358	90	-94	154	5420
130	358	90	-94	154	5420
130	364	91	-94	146	5941
130	376	92	-94	146	5941
129	380	93	-94	152	5937
129	379	95	-94	153	6193
129	375	95	-94	160	6190
129	377	94	-94	164	5940
130	373	95	-94	165	6195
130	373	95	-94	165	5672
130	374	95	-94	213	4386
130	374	95	-94	203	4652
130	378	95	-94	197	4668
130	381	95	-94	191	4396
130	377	96	-94	177	5939
131	373	95	-94	174	5935
131	375	95	-94	173	6455
131	379	96	-94	163	6701
132	381	95	-94	163	6701
132	375	96	-94	169	6200
132	375	95	-94	169	6456
132	372	95	-94	159	7467
132	376	95	-94	155	6696
132	379	95	-94	152	6957
131	381	96	-94	152	6696
132	376	96	-94	159	5667
131	371	95	-94	155	5936
132	379	95	-94	156	6443
132	378	96	-94	156	6443
133	380	96	-94	196	4149
132	380	96	-94	196	3649
132	377	96	-94	183	4156
132	370	95	-94	192	4907
132	374	95	-94	188	4917
131	376	95	-94	188	4918
131	377	95	-94	188	4918
131	376	95	-94	232	4137
132	374	95	-94	213	4403
132	374	95	-94	206	4920
131	367	95	-94	196	5681
131	376	94	-94	205	5417
132	360	95	-94	201	4645
132	360	94	-94	193	5158
133	367	92	-94	180	5419
134	366	92	-94	180	5419
133	369	93	-94	162	5665
134	378	94	-94	162	5665
134	385	93	-94	222	3094
134	388	95	-94	187	4413
135	384	98	-94	186	5172
135	382	97	-94	184	6196
135	377	97	-94	186	6190
134	380	97	-94	170	6191
134	379	98	-94	167	7984
135	386	97	-94	167	7984
135	383	98	-94	166	6971
134	382	98	-94	161	5686
134	384	98	-94	169	5166
134	384	97	-94	167	5690
134	378	97	-94	168	5440
135	379	96	-94	162	5173
135	376	97	-94	164	4933
135	376	97	-94	171	4168
135	375	97	-94	171	4894
135	380	96	-94	160	4924
136	379	97	-94	159	5180
136	380	97	-94	154	6192
135	376	97	-94	156	6183
136	377	96	-94	160	6197
136	378	96	-94	160	6197
136	376	96	-94	166	5936
137	373	95	-94	159	5695
137	369	95	-94	162	5948
137	370	95	-94	159	6452
137	376	95	-94	153	6433
136	376	96	-94	150	6952
136	375	95	-94	149	6707
136	374	95	-94	150	6953
136	371	94	-94	156	6182
136	369	95	-94	152	6185
135	372	94	-94	141	5417
135	369	94	-94	146	5161
134	368	94	-94	140	4914
134	372	95	-94	144	5679
134	372	95	-94	141	6190
134	369	95	-94	142	6181
134	382	95	-94	141	8238
134	383	97	-94	141	7478
134	382	98	-94	141	7478
134	382	98	-94	140	7220
135	379	98	-94	138	6198
134	380	96	-94	151	6458
134	373	97	-94	150	6450
134	373	96	-94	149	5690
135	360	94	-94	149	5690
135	363	92	-94	156	5429
136	353	93	-94	156	5429
136	349	92	-94	145	6197
136	350	89	-94	137	5190
136	352	90	-94	139	5927
137	362	89	-94	139	5927
136	370	90	-94	186	3875
136	381	93	-94	189	3622
136	379	95	-94	195	5420
137	382	97	-94	193	5430
137	380	97	-94	199	5171
136	386	97	-94	191	5173
136	385	98	-94	174	5686
136	378	98	-94	175	6198
136	379	97	-94	180	6450
136	380	97	-94	181	6701
136	383	97	-94	172	6709
135	390	99	-94	176	6198
136	382	98	-94	176	6198
135	391	97	-94	177	5426
136	389	99	-94	172	5945
137	385	98	-94	171	5680
135	377	97	-94	173	5938
136	375	97	-94	173	5938
136	378	97	-94	176	6197
137	379	96	-94	173	6446
137	388	96	-94	173	6446
138	379	97	-94	164	6197
139	384	98	-94	167	5940
139	381	97	-94	167	7219
137	382	98	-94	157	7226
138	382	98	-94	157	7226
137	381	96	-94	163	6965
138	383	97	-94	159	6961
138	376	97	-94	181	5693
137	374	96	-94	182	5683
137	375	96	-94	182	5683
137	379	97	-94	185	5938
137	379	97	-94	178	6454
138	382	96	-94	177	6192
138	386	97	-94	184	5418
138	378	98	-94	186	5429
138	376	97	-94	188	5683
139	376	96	-94	185	5940
137	379	96	-94	177	5940
136	379	97	-94	176	5679
136	377	96	-94	171	6435
137	381	96	-94	170	6699
137	373	97	-94	166	6703
137	374	96	-94	162	7217
137	373	96	-94	171	7210
136	379	96	-94	172	6456
136	379	96	-94	166	6708
136	383	96	-94	163	6955
136	382	97	-94	165	6962
136	380	97	-94	156	6967
136	378	97	-94	158	5931
136	379	95	-94	158	5674
137	378	95	-94	156	6194
137	374	96	-94	156	6194
138	383	96	-94	168	4921
137	378	96	-94	168	4921
137	382	96	-94	163	5427
136	381	96	-94	160	5948
136	381	96	-94	157	5184
135	376	96	-94	152	5942
136	376	95	-94	149	5692
135	375	95	-94	151	6198
135	385	97	-94	158	6445
136	385	97	-94	151	6460
135	383	98	-94	164	5949
135	382	97	-94	175	5432
135	382	96	-94	176	5431
135	383	98	-94	182	5435
135	383	97	-94	178	5943
135	385	97	-94	178	5943
135	385	97	-94	201	5164
135	384	97	-94	201	5164
135	379	97	-94	198	5170
135	380	96	-94	193	5936
135	382	97	-94	188	6962
135	382	97	-94	187	6959
135	386	97	-94	187	6959
135	389	97	-94	181	6703
135	386	98	-94	173	6188
134	383	98	-94	173	6188
134	380	98	-94	174	5939
134	383	97	-94	169	6193
135	381	97	-94	164	6447
135	384	97	-94	165	5937
135	384	97	-94	166	6196
135	382	97	-94	164	6454
136	378	96	-94	165	6448
136	375	96	-94	156	5683
136	377	96	-94	162	5183
136	382	96	-94	165	4413
136	382	97	-94	156	4922
136	382	96	-94	153	5164
136	381	96	-94	151	5681
136	379	97	-94	156	5419
137	376	97	-94	156	5419
137	378	96	-94	161	6204
136	382	96	-94	174	5935
137	382	96	-94	169	6179
136	385	97	-94	160	6698
135	380	97	-94	169	6190
135	380	96	-94	177	5927
134	376	96	-94	175	5934
134	380	96	-94	177	5689
134	383	96	-94	172	6199
134	388	97	-94	170	5943
135	382	97	-94	170	5943
136	381	97	-94	172	5946
137	381	97	-94	172	5946
137	383	97	-94	168	5940
137	383	97	-94	166	6713
136	381	97	-94	167	6709
136	380	96	-94	171	6452
136	380	96	-94	168	6195
136	384	97	-94	196	4670
136	382	98	-94	192	4917
136	384	97	-94	212	4135
136	383	97	-94	181	4912
135	385	96	-94	172	6451
136	381	97	-94	175	7474
136	379	96	-94	176	7225
136	378	97	-94	176	7225
135	382	97	-94	182	6189
135	383	97	-94	188	5436
135	385	97	-94	188	5180
134	377	97	-94	186	5165
134	378	95	-94	178	5420
134	377	95	-94	166	5937
134	378	96	-94	163	5443
134	382	96	-94	163	5443
134	385	96	-94	203	4402
134	377	97	-94	193	5186
135	379	97	-94	183	5946
134	379	96	-94	187	5942
134	380	96	-94	183	6449
134	386	96	-94	177	5942
134	383	96	-94	175	6457
133	380	96	-94	169	6193
133	376	96	-94	177	5680
133	384	98	-94	166	5699
134	387	98	-94	164	5925
135	381	98	-94	169	6199
136	381	97	-94	165	6454
135	383	97	-94	167	5950
135	381	97	-94	161	5438
135	381	97	-94	165	5942
135	376	96	-94	156	6193
136	376	97	-94	156	6193
133	380	97	-94	154	5940
133	385	96	-94	151	5956
130	385	98	-94	165	4926
129	380	97	-94	163	5683
129	374	97	-94	156	5953
129	371	96	-94	163	5440
129	380	95	-94	238	3890
128	380	97	-94	236	3642
132	376	96	-94	255	3112
133	376	96	-94	255	3112
133	379	97	-94	255	3112
133	383	97	-94	207	4402
132	379	99	-94	219	4394
132	377	97	-94	241	4641
131	389	97	-94	265	3886
132	402	98	-94	212	4424
132	422	98	-94	215	4414
133	414	100	-94	215	5182
134	406	99	-94	212	4928
134	413	99	-94	196	5178
134	412	99	-94	196	4422
134	412	98	-94	196	4925
135	412	99	-94	194	5184
135	409	99	-94	190	4164
136	413	99	-94	173	5179
137	411	99	-94	184	4421
137	409	99	-94	179	5184
138	411	99	-94	178	6451
137	414	99	-94	173	5166
137	412	99	-94	168	5431
137	410	98	-94	164	6456
137	404	99	-94	166	6193
138	407	98	-94	168	5447
138	411	98	-94	170	5688
138	411	98	-94	167	6194
137	411	98	-94	172	6196
138	410	99	-94	166	6449
138	411	99	-94	159	6960
139	411	98	-94	161	6441
139	412	99	-94	163	6703
139	404	99	-94	162	6703
139	405	98	-94	163	7215
140	402	98	-94	157	6194
139	414	97	-94	160	6957
139	409	99	-94	160	6701
139	409	98	-94	161	7470
139	411	98	-94	165	7728
138	406	98	-94	167	6968
139	414	98	-94	177	5687
139	410	99	-94	176	5165
139	410	98	-94	177	6196
140	410	97	-94	167	6176
140	402	98	-94	173	5428
141	407	97	-94	176	5941
141	409	98	-94	169	6453
141	409	98	-94	169	6197
140	409	98	-94	170	6448
141	405	98	-94	177	4928
141	410	97	-94	164	5958
141	407	98	-94	164	5958
142	403	97	-94	173	7224
142	407	96	-94	179	7481
141	404	98	-94	174	7220
141	412	98	-94	172	6962
140	405	99	-94	207	4385
140	404	97	-94	201	5429
140	416	97	-94	187	6200
140	402	97	-94	187	6200
140	407	97	-94	182	6967
140	407	98	-94	187	6449
141	406	98	-94	185	6708
141	406	98	-94	191	5183
141	403	98	-94	181	5431
141	405	98	-94	205	3879
142	405	97	-94	186	4911
141	411	98	-94	180	4653
141	428	99	-94	175	5420
141	422	98	-94	177	5180
141	422	96	-94	177	5180
141	421	95	-94	177	5180
142	419	96	-94	224	5931
142	422	95	-94	352	4145
141	420	96	-94	271	5170
143	423	95	-94	260	5169
144	423	95	-94	237	5169
144	423	95	-94	251	4914
143	426	95	-94	299	3640
144	426	96	-94	324	3376
143	420	95	-94	330	3126
143	420	95	-94	330	2874
144	418	94	-94	317	2864
144	419	94	-94	308	2863
145	419	94	-94	277	3629
144	419	95	-94	245	4407
145	418	95	-94	230	4914
145	416	94	-94	211	5167
145	422	95	-94	242	3645
145	415	95	-94	242	3645
145	423	95	-94	263	3885
144	426	95	-94	267	3632
145	423	95	-94	347	3632
144	426	95	-94	372	3374
145	423	96	-94	372	3374
144	422	95	-94	295	4401
144	428	95	-94	265	4913
145	428	97	-94	330	4390
145	425	96	-94	291	4907
145	423	96	-94	262	5168
145	426	95	-94	338	4647
146	421	95	-94	304	4147
146	423	95	-94	237	4678
145	422	95	-94	244	4404
145	428	96	-94	237	4154
145	431	96	-94	226	4664
146	423	96	-94	226	4664
145	425	96	-94	207	5179
144	425	96	-94	196	5942
144	421	96	-94	191	6198
143	419	94	-94	195	6452
144	421	95	-94	195	6452
143	432	95	-94	201	5424
143	413	96	-94	194	5938
142	420	96	-94	193	5681
142	419	95	-94	205	5679
141	422	95	-94	205	6196
141	414	95	-94	203	5940
141	414	94	-94	203	5940
141	403	93	-94	197	6705
141	429	92	-94	197	6961
142	428	93	-94	241	5167
141	425	95	-94	252	5682
142	425	95	-94	252	5682
142	421	96	-94	265	5427
141	421	95	-94	317	5168
142	423	95	-94	256	4156
143	436	96	-94	256	4156
142	450	97	-94	252	3902
143	458	96	-94	252	4393
143	453	95	-94	242	4908
142	447	94	-94	229	5420
142	454	94	-94	229	5420
143	454	95	-94	214	4902
143	447	96	-94	238	4651
143	449	95	-94	253	4405
142	454	95	-94	260	5424
143	461	95	-94	243	4915
143	461	95	-94	243	4915
143	455	96	-94	284	5421
143	454	95	-94	260	5427
143	450	95	-94	269	5167
143	455	95	-94	299	4910
143	455	95	-94	297	4919
144	455	95	-94	249	6452
144	449	95	-94	342	5940
144	450	95	-94	340	5436
144	447	95	-94	353	4909
145	450	95	-94	334	4656
144	450	94	-94	334	4400
144	449	95	-94	319	4396
144	450	94	-94	279	3638
143	450	94	-94	293	3373
143	450	94	-94	268	4142
143	449	95	-94	247	4396
144	447	95	-94	289	3893
144	447	94	-94	368	5939
143	453	94	-94	366	6449
143	447	94	-94	347	5689
143	455	94	-94	314	5429
143	448	96	-94	295	5690
143	448	95	-94	302	5174
142	450	95	-94	306	4910
143	455	95	-94	305	4640
143	459	95	-94	305	4640
144	459	96	-94	320	5929
144	463	96	-94	313	4909
145	456	97	-94	305	5170
145	455	96	-94	286	5422
146	448	95	-94	276	5681
145	452	95	-94	279	4911
145	452	95	-94	353	5166
145	455	95	-94	353	5166
146	458	95	-94	265	5941
146	456	95	-94	282	4645
145	458	95	-94	262	5418
145	455	95	-94	250	5933
145	458	96	-94	235	6449
145	455	96	-94	241	6201
145	459	97	-94	227	6199
147	455	96	-94	221	6959
146	456	96	-94	214	7477
146	456	95	-94	200	7742
146	460	95	-94	200	8254
146	460	96	-94	199	7994
147	458	96	-94	199	7994
147	455	96	-94	214	8251
147	455	96	-94	234	6441
148	455	95	-94	229	7725
147	463	96	-94	216	8244
147	458	96	-94	219	7992
147	459	96	-94	290	6965
146	462	96	-94	301	6444
146	450	96	-94	272	6190
147	454	95	-94	314	4669
147	451	95	-94	314	4925
146	456	96	-94	308	5169
147	454	96	-94	305	4654
147	456	96	-94	310	4147
147	455	96	-94	289	4915
147	455	95	-94	304	4658
148	462	95	-94	275	4657
148	452	96	-94	244	4667
148	452	95	-94	236	4928
149	450	95	-94	245	5434
148	451	95	-94	240	5942
148	452	96	-94	232	6198
148	455	95	-94	221	6708
149	459	95	-94	221	6708
148	458	96	-94	237	5938
148	456	95	-94	237	5938
148	451	95	-94	225	7221
148	450	95	-94	236	6194
149	448	95	-94	236	6194
149	447	94	-94	238	6193
148	452	94	-94	229	5931
149	454	95	-94	217	6708
149	446	95	-94	217	6708
149	450	94	-94	292	4917
149	444	95	-94	308	4145
148	447	94	-94	308	4145
149	446	93	-94	262	4916
148	447	94	-94	236	5170
148	446	94	-94	283	4399
149	448	94	-94	319	3891
148	448	94	-94	318	4148
148	448	94	-94	288	5171
148	451	94	-94	311	5176
149	448	94	-94	283	5450
148	448	94	-94	283	5450
149	448	94	-94	255	6973
149	451	94	-94	255	6973
149	451	95	-94	255	5947
149	448	95	-94	279	5945
149	452	94	-94	275	5420
148	451	94	-94	293	4664
149	451	95	-94	304	4663
149	451	95	-94	310	4410
149	451	95	-94	310	4410
149	456	95	-94	358	4392
149	457	95	-94	319	4651
149	457	95	-94	287	5167
148	452	95	-94	240	5946
148	451	95	-94	233	6200
148	447	94	-94	255	5165
148	448	94	-94	306	4401
148	455	95	-94	307	4137
148	473	95	-94	294	4133
147	479	96	-94	270	4911
147	504	95	-94	300	4151
148	504	96	-94	300	4151
147	502	97	-94	300	5426
148	502	98	-94	282	5686
148	498	97	-94	272	5687
149	502	97	-94	270	6452
149	504	97	-94	270	6452
149	502	97	-94	282	6448
149	506	98	-94	308	6191
149	504	98	-94	301	5941
150	504	98	-94	281	6454
150	506	99	-94	291	5941
150	504	98	-94	291	5941
151	502	98	-94	382	6459
151	499	97	-94	388	6208
151	498	97	-94	398	6206
151	506	97	-94	439	6708
151	506	97	-94	383	6965
151	499	98	-94	350	6705
151	502	98	-94	342	5693
152	494	98	-94	355	5173
152	506	97	-94	373	4657
153	504	98	-94	360	4395
153	502	98	-94	389	4913
154	506	98	-94	315	5431
154	499	99	-94	296	5431
152	506	98	-94	329	5183
152	502	98	-94	357	5426
152	501	98	-94	371	4913
152	496	97	-94	341	5678
153	496	97	-94	331	5429
151	498	97	-94	324	5693
153	502	97	-94	315	5433
152	502	98	-94	307	6455
152	499	97	-94	328	6208
152	498	97	-95	325	5942
153	501	97	-95	325	5942
153	490	96	-95	393	6704
152	501	96	-95	380	6457
152	496	97	-95	340	6966
153	501	97	-95	368	7220
153	499	97	-95	378	6444
153	496	97	-95	404	5161
153	498	97	-95	405	5677
153	496	97	-95	405	5677
153	498	97	-95	418	4662
153	502	97	-95	418	4662
153	502	98	-95	440	4905
153	506	97	-95	353	5173
153	494	98	-95	424	5936
154	496	97	-94	342	6198
154	498	97	-94	305	6711
153	496	96	-94	309	5930
153	501	97	-94	328	5430
154	493	97	-94	340	5424
154	496	96	-94	383	5419
154	490	96	-94	405	4913
154	490	96	-94	398	4400
154	501	96	-94	388	4914
153	501	97	-94	388	4914
154	499	97	-94	402	4904
153	499	96	-94	413	5676
154	494	97	-94	413	5676
154	500	97	-94	408	4913
154	491	96	-94	360	5173
154	499	96	-94	296	5942
154	503	97	-94	334	5684
154	503	97	-94	328	4927
155	508	97	-94	362	4145
154	497	98	-94	343	4400
153	495	98	-94	307	4916
153	500	97	-94	319	4915
154	499	97	-94	309	5176
154	508	97	-94	290	4909
154	503	97	-94	315	4919
154	506	98	-94	380	5428
154	499	98	-94	320	5944
154	500	98	-94	320	5944
154	503	97	-94	447	5671
154	504	98	-94	422	5687
155	506	97	-94	380	5686
155	495	97	-94	375	4904
155	497	97	-94	378	4664
154	500	97	-94	378	4664
155	500	97	-94	365	4912
155	504	97	-94	365	4912
154	504	97	-94	370	4905
155	500	97	-94	329	5678
155	503	97	-94	301	5172
155	504	98	-94	312	4920
155	506	98	-94	296	5179
155	504	98	-94	355	5174
154	504	97	-94	334	5173
155	506	97	-94	334	5173
155	500	97	-94	375	4652
155	500	97	-94	385	4665
155	509	97	-94	385	4665
154	506	98	-94	349	5428
154	503	98	-94	349	5428
154	504	98	-94	294	5945
154	503	98	-94	264	7472
154	503	97	-94	264	7472
154	506	98	-94	263	7473
154	513	98	-94	258	7217
154	508	99	-94	300	6194
154	511	99	-94	278	5948
155	511	99	-94	271	5435
155	511	99	-94	264	6459
155	511	99	-94	310	5685
154	504	99	-94	296	6454
154	511	99	-94	281	6968
155	504	98	-94	304	5944
155	511	98	-94	304	5944
154	511	99	-94	282	5678
155	504	98	-94	277	5176
155	506	98	-94	350	4403
155	504	97	-94	418	4909
155	511	98	-94	456	5681
155	515	98	-94	456	5681
154	532	99	-94	406	4917
154	542	96	-94	397	4924
154	538	97	-94	397	4924
155	548	97	-94	449	7479
155	544	98	-94	458	6714
155	548	97	-94	460	5688
156	548	97	-94	459	5685
155	538	97	-94	443	5436
155	534	96	-94	507	5941
156	542	96	-94	578	6706
155	544	97	-94	494	5946
156	542	96	-95	413	6706
156	536	96	-95	413	6706
156	536	96	-95	366	6191
156	536	96	-95	366	6191
156	530	97	-95	379	5687
156	530	97	-95	395	5436
156	540	97	-95	358	5182
157	540	97	-95	387	4150
156	550	98	-95	364	4409
157	540	99	-95	364	4409
157	546	98	-95	432	4405
157	546	98	-95	389	4917
157	548	99	-95	435	4663
158	548	99	-95	445	4919
157	544	99	-95	463	5937
157	544	99	-95	438	5682
158	548	100	-95	431	5683
158	540	99	-95	413	5689
158	544	99	-95	439	4921
158	542	99	-95	438	4670
159	542	99	-95	411	4918
158	544	98	-95	428	4660
158	544	98	-95	411	5683
158	544	98	-95	421	5178
158	542	99	-95	421	4924
158	550	99	-95	387	5435
158	548	99	-95	524	7733
158	542	99	-95	410	7735
159	544	99	-95	413	6464
159	550	99	-95	415	5694
158	546	100	-95	437	5171
159	544	99	-95	445	4903
159	550	99	-95	446	4386
158	556	100	-95	385	4917
159	556	100	-95	385	4917
159	554	100	-95	363	4909
159	552	100	-95	342	5164
160	548	100	-95	384	4910
159	548	99	-95	421	4908
160	546	98	-95	387	5424
160	546	99	-95	385	5160
159	544	99	-95	403	4656
160	546	99	-95	391	4924
159	548	99	-95	386	4665
160	542	98	-95	360	4415
160	546	98	-95	436	4150
160	546	99	-95	436	4150
160	548	98	-95	423	4911
160	573	100	-95	447	4408
160	579	99	-95	447	4408
160	579	97	-95	385	4416
160	590	98	-95	385	4416
160	597	98	-95	372	4417
160	588	99	-95	380	4671
161	585	98	-95	380	4671
160	592	98	-95	359	4915
161	597	98	-95	401	5436
161	592	99	-95	401	5426
162	592	99	-95	442	5169
162	592	98	-95	431	5691
162	597	99	-95	393	5941
163	597	99	-95	478	5168
163	602	100	-95	583	6703
163	592	100	-95	594	5936
163	592	99	-95	531	5938
163	607	99	-95	476	5687
163	599	101	-95	519	6952
163	597	100	-95	520	9262
163	597	100	-95	472	9011
163	609	99	-95	479	7723
163	614	100	-95	443	6452
163	609	101	-95	443	6452
164	609	100	-95	466	6707
163	614	100	-95	525	6457
164	606	101	-95	553	7475
164	606	100	-95	553	7475
165	611	101	-95	550	7219
164	609	100	-95	550	7219
164	606	100	-95	536	5166
165	614	101	-95	538	4914
165	621	101	-95	490	5426
165	621	102	-95	435	5938
165	606	100	-95	428	5935
165	614	101	-95	454	5173
164	619	102	-95	499	4398
164	619	102	-95	407	5430
164	616	102	-95	369	6705
163	616	102	-95	347	6958
163	611	101	-95	388	6197
163	619	101	-95	415	5432
163	616	101	-95	461	4917
164	614	101	-95	469	4911
164	614	102	-95	523	4901
164	614	102	-95	525	4909
165	619	101	-95	605	5934
165	621	101	-95	465	6445
165	621	102	-95	436	5935
165	614	102	-95	436	5935
166	614	102	-95	411	5941
166	621	102	-95	411	5685
166	619	102	-95	366	5679
166	629	102	-95	464	4657
167	637	103	-95	511	4397
167	637	105	-95	511	4397
167	645	105	-95	412	5943
167	642	106	-95	390	6713
167	639	105	-95	419	5670
167	639	106	-95	419	5670
167	595	105	-95	482	5160
167	431	92	-95	405	5681
167	356	92	-95	381	5682
166	333	83	-95	321	5427
165	336	79	-95	280	5191
164	322	79	-95	246	5186
164	324	80	-95	240	5431
163	317	86	-95	207	5935
162	317	89	-95	163	6446
161	310	89	-95	171	4923
161	301	88	-95	162	5189
160	309	87	-95	153	5696
160	310	87	-95	140	5683
160	308	88	-95	133	5686
161	305	87	-95	125	4926
160	302	87	-95	123	5435
161	307	87	-95	115	6456
160	307	87	-95	119	5939
160	309	86	-95	115	6202
160	309	87	-95	113	6454
158	311	87	-95	113	6449
158	312	88	-95	116	6191
158	310	89	-95	114	5939
157	307	88	-95	112	5943
156	313	88	-95	110	6453
157	311	88	-95	107	6190
156	311	88	-95	114	5432
156	310	88	-95	115	4670
156	310	88	-95	113	5179
155	310	88	-95	111	5429
154	307	87	-95	114	5940
154	310	88	-95	114	6199
154	306	87	-95	114	5943
152	306	86	-95	111	5941
152	306	88	-95	110	5426
151	320	88	-95	114	5685
151	313	90	-95	119	4417
151	313	89	-95	119	4924
150	315	90	-95	120	5418
152	318	90	-95	118	5429
151	313	90	-95	148	4916
152	315	89	-95	145	4921
152	315	88	-94	140	4923
152	324	90	-94	135	5178
153	318	92	-94	131	4676
151	317	90	-94	131	4676
150	314	89	-94	129	5174
150	315	89	-94	125	5427
149	315	89	-94	125	5683
149	317	89	-94	123	5691
148	317	89	-94	126	5688
147	310	88	-94	123	5427
147	315	88	-94	121	5431
145	316	89	-94	125	6712
146	312	88	-94	122	6452
146	310	88	-94	121	6453
145	308	88	-94	126	6197
145	308	88	-94	124	6456
145	309	87	-94	118	5693
145	309	87	-94	118	5693
145	305	87	-94	116	5425
145	306	86	-94	109	6195
145	311	87	-94	104	5688
144	310	87	-94	104	5688
144	308	87	-94	119	4149
144	310	87	-94	123	4407
143	310	87	-94	121	4668
143	306	87	-94	117	4919
142	308	87	-94	122	6707
140	310	87	-94	121	6197
140	319	88	-94	112	5692
140	320	89	-94	116	5434
139	315	90	-95	117	5687
141	315	89	-95	122	6192
140	312	88	-95	120	5938
141	308	88	-95	113	5701
140	310	88	-95	109	5678
139	311	88	-95	112	5171
140	313	88	-95	112	5171
139	310	88	-95	118	5691
140	308	88	-95	118	5691
140	312	89	-95	125	5688
140	311	88	-95	128	5174
140	311	87	-95	124	5688
140	311	88	-95	118	5950
141	307	88	-95	121	6197
139	310	88	-95	117	6450
139	311	87	-95	120	5942
138	310	88	-95	122	5937
138	307	88	-95	119	5941
135	306	87	-95	118	5432
136	305	87	-95	121	5434
135	311	86	-95	119	5438
135	310	86	-95	119	5438
137	306	87	-95	118	5175
137	308	87	-95	118	5175
136	317	87	-95	123	4154
135	317	89	-95	121	4412
135	311	89	-95	118	4648
135	309	88	-95	118	4648
135	308	88	-95	143	3906
135	312	88	-95	155	3651
135	315	88	-95	142	4663
134	315	89	-95	142	4663
134	311	89	-95	145	4918
135	315	89	-95	136	5691
135	315	88	-95	140	4922
135	313	88	-95	136	5164
135	314	89	-95	133	5170
135	310	89	-95	126	5428
135	313	88	-95	121	5429
136	312	88	-95	119	6189
136	309	88	-95	113	5933
136	310	87	-95	113	5684
136	310	88	-95	110	5689
135	310	87	-95	110	5687
135	308	87	-95	110	5687
135	312	87	-95	109	6202
135	312	88	-95	114	5948
135	401	89	-95	114	5437
136	454	88	-95	127	5949
136	509	94	-95	156	5948
137	549	97	-95	204	4920
139	669	98	-95	244	6706
139	699	103	-95	321	5942
141	689	109	-95	422	7218
142	696	111	-95	543	5681
144	715	114	-95	597	5163
146	702	115	-95	663	4912
146	715	116	-95	623	7219
148	723	118	-95	630	6452
150	718	118	-95	678	5165
151	726	118	-95	604	5685
151	723	118	-95	636	5174
153	730	119	-95	569	5431
154	723	119	-95	612	5181
154	723	117	-95	572	5433
156	715	117	-95	496	6458
156	715	117	-95	470	6711
156	712	117	-95	456	7478
157	705	118	-95	445	7988
158	705	116	-95	414	8500
158	712	116	-95	410	7739
159	712	117	-95	399	7993
160	712	116	-95	388	7995
160	712	116	-95	398	8000
160	719	117	-95	404	7230
161	719	117	-95	437	7740
162	719	118	-94	529	7478
162	719	117	-94	466	7481
162	680	118	-94	441	7485
163	402	117	-94	417	7483
163	346	107	-94	411	5932
162	346	93	-94	411	5932
162	354	88	-94	298	5685
161	354	90	-94	252	5449
161	358	91	-94	218	5178
160	355	90	-94	218	5178
160	364	90	-94	205	4924
159	354	93	-94	180	4680
159	358	91	-94	180	4681
158	358	91	-94	180	4681
157	357	90	-94	150	4649
157	354	90	-94	144	4398
156	359	91	-94	139	5684
156	359	91	-94	138	6191
156	358	91	-94	127	5939
156	358	91	-94	129	5945
155	357	91	-94	163	4402
155	357	90	-94	161	4919
154	348	90	-94	164	4914
153	356	90	-94	164	4914
153	356	90	-94	154	5172
152	358	91	-94	185	3628
152	353	91	-94	203	3633
152	359	91	-94	194	3096
152	357	91	-94	194	3096
151	357	91	-94	177	3631
151	361	90	-95	181	3634
151	361	91	-95	181	3634
150	360	90	-95	175	4148
150	359	91	-95	164	4405
149	359	91	-95	149	4409
149	357	91	-95	149	4409
148	354	90	-95	139	5171
148	358	91	-95	142	5430
148	356	90	-95	148	5692
148	356	90	-95	142	6199
147	350	90	-95	139	5685
147	357	90	-95	137	5180
147	351	90	-95	140	5180
145	352	89	-95	149	3880
145	349	89	-95	146	4395
145	356	89	-95	149	4398
145	354	90	-95	149	4933
145	354	90	-95	149	4933
145	352	89	-95	141	5176
144	355	89	-95	134	6464
144	354	90	-95	137	5949
144	350	90	-95	142	6201
144	354	90	-95	134	5688
144	350	89	-95	131	5429
145	354	90	-95	136	5426
144	353	90	-95	133	5935
144	356	90	-95	133	6196
144	350	90	-95	133	6197
145	353	90	-95	133	6197
144	354	89	-95	130	6448
143	355	90	-95	131	6191
143	355	89	-95	136	5689
142	375	91	-95	139	5430
142	404	93	-95	137	5432
143	537	90	-95	149	6711
143	571	94	-95	149	6711
143	633	95	-95	263	7478
144	643	100	-95	307	6716
145	657	103	-95	392	6190
145	657	105	-95	453	5676
147	668	107	-95	446	5684
148	655	108	-95	434	6194
149	660	111	-95	409	6450
150	660	111	-95	431	6445
151	669	111	-95	406	6450
152	672	112	-95	490	4411
153	679	111	-95	441	5176
154	669	113	-95	487	4401
155	672	113	-95	507	5428
156	675	112	-95	542	6198
157	675	113	-95	528	6445
157	688	113	-95	528	6445
158	685	114	-95	438	6454
159	679	114	-95	404	6714
160	688	114	-95	395	7219
160	701	115	-95	412	6442
160	714	117	-95	390	6703
160	717	118	-95	387	7472
160	717	120	-95	454	7218
161	717	120	-95	630	7989
162	728	120	-95	587	7468
162	731	121	-95	609	6441
162	704	122	-95	609	6441
163	409	121	-95	588	6190
163	321	110	-95	548	6442
163	305	92	-95	436	6701
162	334	88	-95	356	6450
161	334	94	-95	265	5690
161	350	97	-95	202	5683
161	348	99	-95	185	5422
160	353	101	-95	173	5182
160	350	102	-95	165	5178
159	353	101	-95	160	5689
159	352	101	-95	156	5687
158	351	101	-95	156	7223
158	350	101	-95	158	5949
158	347	100	-95	155	6457
157	350	100	-95	153	6449
157	344	101	-95	148	6195
156	344	100	-95	150	5931
155	347	100	-95	155	6972
156	347	101	-95	155	6972
155	346	100	-95	152	6195
155	340	99	-95	139	7213
154	345	99	-95	142	7474
154	345	99	-95	142	7474
153	340	99	-95	138	8501
153	344	99	-95	131	9011
152	344	100	-95	129	8246
151	348	99	-95	131	7479
151	348	100	-95	128	7474
149	348	100	-95	124	6962
149	328	99	-95	134	7984
149	328	97	-95	131	7732
149	330	97	-95	128	7985
148	330	95	-95	153	6212
147	336	96	-95	153	6468
147	331	96	-95	147	6460
146	328	94	-95	147	6460
145	329	95	-95	144	7226
145	335	95	-95	140	6717
144	330	96	-95	139	6200
144	332	96	-95	139	6707
144	339	96	-95	145	6196
142	343	97	-95	137	5949
143	344	99	-95	137	6458
142	339	99	-95	136	6201
143	339	98	-95	143	6198
143	337	98	-95	142	5946
142	340	98	-95	142	6710
142	334	97	-95	140	6458
141	331	96	-95	137	6458
142	334	95	-95	137	6462
142	329	96	-95	137	6462
144	331	96	-95	136	6456
143	326	94	-95	139	6455
143	328	95	-95	139	6455
142	328	94	-95	158	4645
141	325	95	-95	152	4911
141	325	94	-95	152	4911
141	317	93	-95	144	4672
140	317	92	-95	149	4916
141	130	93	-95	153	5936
142	130	0	-95	0	50
141	130	0	-95	0	50
141	130	0	-95	0	50
140	0	0	-95	0	50
140	0	0	-95	0	50
141	0	0	-95	0	50
139	0	0	-95	0	50
138	0	0	-95	0	50
139	0	0	-95	0	50
139	0	0	-95	0	50
139	0	0	-95	0	50
139	0	0	-95	0	50
139	0	0	-95	0	50
139	0	0	-95	0	50
139	0	0	-95	0	50
137	0	0	-95	0	50
137	0	0	-95	0	50
137	0	0	-95	0	50
135	0	0	-95	0	50
136	0	0	-95	0	50
132	0	0	-95	0	50
132	0	0	-95	0	50
132	0	0	-95	0	50
131	0	0	-95	0	50
131	0	0	-95	0	50
132	0	0	-95	0	50
132	0	0	-95	0	50
132	0	0	-95	0	50
130	0	0	-95	0	50
129	0	0	-95	0	50
129	0	0	-95	0	50
129	0	0	-95	0	50
129	0	0	-95	0	50
129	0	0	-95	0	50
129	0	0	-95	0	50
129	0	0	-95	0	50
129	0	0	-95	0	50
129	0	0	-95	0	50
129	0	0	-95	0	50
129	0	0	-95	0	50
129	0	0	-95	0	50
129	0	0	-95	0	50
129	0	0	-95	0	50
129	0	0	-95	0	50
129	0	0	-95	0	50
129	0	0	-95	0	50
129	0	0	-95	0	50
129	0	0	-95	0	50
129	0	0	-95	0	50
129	0	0	-95	0	50
129	0	0	-95	0	50
129	0	0	-95	0	50
129	0	0	-95	0	50
129	0	0	-95	0	50
129	0	0	-95	0	50
129	0	0	-95	0	50
120	0	0	-95	0	50
123	0	0	-95	0	50
123	0	0	-95	0	50
124	0	0	-95	0	50
124	0	0	-95	0	50
124	0	0	-95	0	50
124	0	0	-95	0	50
125	0	0	-95	0	50
124	0	0	-95	0	50
123	0	0	-95	0	50
121	0	0	-95	0	50
120	0	0	-95	0	50
120	0	0	-95	0	50
122	0	0	-95	0	50
123	0	0	-95	0	50
124	0	0	-95	0	50
124	0	0	-95	0	50
123	0	0	-95	0	50
121	0	0	-95	0	50
120	0	0	-95	0	50
119	0	0	-95	0	50
118	0	0	-95	0	50
118	0	0	-95	0	50
117	0	0	-95	0	50
119	0	0	-95	0	50
117	0	0	-95	0	50
117	0	0	-95	0	50
117	0	0	-95	0	50
117	0	0	-95	0	50
118	0	0	-95	0	50
117	0	0	-95	0	50
116	0	0	-95	0	50
117	0	0	-95	0	50
117	0	0	-95	0	50
118	0	0	-95	0	50
119	0	0	-95	0	50
119	0	0	-95	0	50
118	0	0	-95	0	50
116	0	0	-95	0	50
109	0	0	-95	0	50
109	0	0	-95	0	50
102	0	0	-95	0	50
103	0	0	-95	0	50
103	0	0	-95	0	50
104	0	0	-95	0	50
104	0	0	-95	0	50
105	0	0	-95	0	50
106	0	0	-95	0	50
105	0	0	-95	0	50
105	0	0	-95	0	50
103	0	0	-95	0	50
101	0	0	-95	0	50
98	0	0	-95	0	50
103	0	0	-95	0	50
105	0	0	-95	0	50
107	0	0	-95	0	50
109	0	0	-95	0	50
111	0	0	-95	0	50
113	0	0	-95	0	50
114	0	0	-95	0	50
115	0	0	-95	0	50
116	0	0	-95	0	50
116	0	0	-95	0	50
112	0	0	-95	0	50
110	0	0	-95	0	50
112	0	0	-95	0	50
111	0	0	-95	0	50
114	0	0	-95	0	50
115	0	0	-95	0	50
118	0	0	-95	0	50
121	0	0	-95	0	50
121	0	0	-95	0	50
122	0	0	-95	0	50
123	0	0	-95	0	50
123	0	0	-95	0	50
123	0	0	-95	0	50
123	0	0	-95	0	50
121	0	0	-95	0	50
120	0	0	-95	0	50
119	0	0	-95	0	50
120	0	0	-95	0	50
120	0	0	-95	0	50
120	0	0	-95	0	50
120	0	0	-95	0	50
120	0	0	-95	0	50
120	0	0	-95	0	50
120	0	0	-95	0	50
120	0	0	-95	0	50
117	0	0	-95	0	50
111	0	0	-95	0	50
111	0	0	-95	0	50
111	0	0	-95	0	50
113	0	0	-95	0	50
114	0	0	-95	0	50
116	0	0	-95	0	50
118	0	0	-95	0	50
120	0	0	-95	0	50
121	0	0	-95	0	50
122	0	0	-95	0	50
120	0	0	-95	0	50
121	0	0	-95	0	50
120	0	0	-95	0	50
116	0	0	-95	0	50
116	0	0	-95	0	50
116	0	0	-95	0	50
117	0	0	-95	0	50
118	0	0	-95	0	50
118	0	0	-95	0	50
117	0	0	-95	0	50
118	0	0	-95	0	50
117	0	0	-95	0	50
117	0	0	-95	0	50
117	0	0	-95	0	50
118	0	0	-95	0	50
120	0	0	-95	0	50
120	0	0	-95	0	50
120	0	0	-95	0	50
121	0	0	-95	0	50
120	0	0	-95	0	50
120	0	0	-95	0	50
121	0	0	-95	0	50
122	0	0	-95	0	50
122	0	0	-95	0	50
123	37	0	-95	0	50
124	37	0	-95	0	50
125	40	0	-95	0	50
125	40	0	-95	0	50
125	37	0	-95	0	50
124	37	0	-95	0	50
124	35	0	-95	0	50
125	35	0	-95	0	50
125	33	0	-95	0	50
125	33	0	-95	0	50
125	36	0	-95	0	50
125	36	0	-95	0	50
127	35	0	-95	0	50
127	35	0	-95	0	50
126	35	0	-95	0	50
126	30	0	-95	0	50
126	30	0	-95	0	50
126	30	0	-95	0	50
126	25	0	-94	0	50
128	25	0	-94	0	50
127	29	0	-94	0	50
126	29	0	-94	0	50
128	29	0	-94	0	50
128	29	0	-94	0	50
126	0	0	-94	0	50
127	0	0	-94	0	50
127	0	0	-94	0	50
127	0	0	-94	0	50
127	0	0	-94	0	50
128	0	0	-94	0	50
127	0	0	-94	0	50
126	0	0	-94	0	50
125	0	0	-94	0	50
125	0	0	-94	0	50
124	62	0	-94	0	50
123	62	0	-94	0	50
122	39	0	-94	0	50
122	79	0	-94	0	50
123	97	0	-94	0	50
125	135	0	-94	0	50
126	151	29	-94	0	50
129	168	34	-94	164	59
131	188	41	-94	249	1587
131	201	47	-94	247	1843
132	205	55	-94	210	2868
133	206	55	-94	210	2868
133	214	53	-94	210	2868
134	221	53	-94	210	2868
134	228	58	-95	205	3123
134	233	62	-95	193	3375
134	235	64	-95	192	3885
134	238	66	-95	186	3886
134	240	68	-95	181	4655
134	240	69	-95	172	4918
134	243	70	-95	162	4662
134	245	70	-95	161	4660
135	243	70	-95	159	4403
134	246	70	-95	159	4403
134	246	71	-96	141	4158
134	249	71	-96	141	4158
135	260	72	-96	141	4158
136	270	73	-96	164	3897
137	270	75	-96	177	4148
138	284	76	-95	219	4401
138	291	78	-95	229	4147
142	297	81	-95	229	4147
142	299	84	-95	257	4410
142	299	86	-95	270	4406
145	302	87	-95	263	4405
145	302	87	-95	273	4407
147	303	87	-95	273	4407
147	305	87	-95	280	4154
148	307	87	-95	272	4920
148	309	88	-94	253	4409
147	311	89	-94	246	4410
148	312	89	-94	256	5174
147	315	90	-94	258	5685
148	315	90	-94	256	5176
147	317	91	-94	253	5438
148	316	91	-94	258	5178
148	318	91	-94	255	4666
148	318	91	-94	255	4666
149	316	91	-94	271	4925
149	317	91	-94	258	5435
150	317	91	-94	265	5431
151	315	90	-94	250	5180
151	313	90	-94	251	4668
151	311	90	-94	237	4141
151	309	89	-94	239	4148
152	306	89	-94	239	4148
153	303	87	-94	254	5172
153	301	86	-94	247	5172
154	299	86	-94	240	4916
154	301	86	-94	240	4916
154	303	86	-94	239	4412
155	305	87	-94	232	4159
154	313	87	-94	244	4402
154	313	89	-94	252	4656
154	321	90	-92	239	4407
154	323	91	-92	220	5178
155	326	93	-92	212	5181
154	326	94	-92	207	5430
153	330	95	-92	207	5431
154	336	96	-92	225	5942
153	342	96	-92	225	5942
153	342	97	-92	222	4636
153	343	98	-92	222	4636
152	342	94	-92	207	4658
152	341	91	-93	203	4920
152	342	89	-93	198	5176
151	339	87	-93	193	4917
152	333	85	-93	193	5684
151	327	79	-93	189	5177
151	318	0	-93	0	50
150	309	0	-93	0	50
150	299	0	-93	0	50
150	281	0	-93	0	50
149	240	0	-93	0	50
149	214	0	-93	0	50
147	180	0	-94	0	50
146	165	0	-94	0	50
145	109	0	-94	0	50
143	68	0	-94	0	50
142	68	0	-94	0	50
141	68	0	-94	0	50
142	68	0	-94	0	50
140	0	0	-94	0	50
140	0	0	-94	0	50
139	0	0	-94	0	50
139	0	0	-92	0	50
137	0	0	-92	0	50
137	0	0	-92	0	50
135	107	0	-92	0	50
133	107	0	-92	0	50
132	107	0	-92	0	50
131	0	0	-92	0	50
130	0	0	-92	0	50
129	0	0	-92	0	50
127	0	0	-92	0	50
130	0	0	-92	0	50
131	0	0	-92	0	50
131	0	0	-92	0	50
132	35	0	-92	0	50
132	70	0	-92	0	50
128	70	0	-92	0	50
125	66	0	-92	0	50
125	68	0	-92	0	50
127	109	0	-92	0	50
129	141	0	-92	0	50
131	157	0	-92	0	50
133	177	0	-92	0	50
135	204	41	-92	209	1845
136	225	44	-92	300	2096
138	245	49	-92	255	1837
140	268	55	-92	273	2101
143	268	61	-92	273	2101
144	299	66	-92	316	2354
146	313	75	-92	356	3380
148	325	78	-92	373	3381
150	343	83	-93	373	3381
151	352	86	-93	402	3895
153	362	86	-93	402	3895
154	375	89	-93	414	4149
156	390	93	-93	418	4149
157	401	96	-93	403	4404
158	407	99	-93	412	5427
159	408	102	-93	417	6198
160	410	103	-93	422	7218
161	411	105	-93	416	7472
161	408	104	-93	397	7992
162	401	101	-93	342	7221
162	387	76	-93	342	7221
163	372	76	-93	342	7221
162	356	0	-93	0	50
162	328	0	-93	0	50
161	328	0	-93	0	50
160	302	0	-93	0	50
159	302	0	-93	0	50
159	288	0	-93	0	50
158	261	0	-94	0	50
156	240	0	-94	0	50
156	215	0	-94	0	50
155	197	0	-94	0	50
154	178	0	-94	0	50
152	160	0	-93	0	50
151	136	0	-93	0	50
149	128	0	-93	0	50
147	128	0	-93	0	50
145	113	0	-93	0	50
144	109	0	-93	0	50
141	109	0	-93	0	50
141	91	0	-93	0	50
138	87	0	-93	0	50
135	85	0	-93	0	50
138	77	0	-92	0	50
138	72	0	-92	0	50
135	74	0	-92	0	50
134	84	0	-92	0	50
133	108	0	-92	0	50
135	120	0	-92	0	50
135	147	0	-92	0	50
137	176	38	-92	135	829
138	195	43	-92	135	829
139	219	43	-92	270	1848
141	238	54	-92	175	1599
142	258	59	-92	225	2103
143	272	59	-92	225	2103
144	287	64	-92	253	2880
145	303	69	-92	266	3384
146	319	73	-92	288	5172
148	339	77	-92	288	5172
149	372	81	-92	309	5683
150	372	86	-92	360	6200
151	385	95	-92	407	7219
152	397	98	-93	405	6962
154	406	101	-93	410	6707
155	419	100	-93	403	6200
156	426	100	-93	403	6200
157	426	99	-93	390	5929
159	438	97	-94	372	6449
160	443	98	-94	369	6450
161	443	98	-94	387	6451
162	439	100	-94	412	6448
162	432	99	-94	422	6454
163	432	97	-95	414	6197
164	433	97	-95	398	5937
165	437	98	-95	383	6193
165	435	98	-95	397	5174
166	437	98	-95	392	4918
166	434	98	-95	392	4918
166	434	98	-95	392	4918
167	437	98	-95	354	4913
167	434	97	-95	354	4913
167	427	98	-95	323	5168
166	419	97	-95	314	4407
166	411	95	-95	314	4407
166	407	92	-95	236	5171
165	399	92	-95	212	5172
165	391	88	-95	173	6451
164	384	86	-95	156	6200
164	376	86	-95	156	6200
163	368	85	-95	147	6454
163	364	84	-95	137	6196
161	357	81	-95	137	8244
160	357	80	-93	133	6700
160	345	79	-93	128	5936
159	341	77	-93	121	5939
158	337	76	-93	122	6195
157	330	75	-93	116	4912
157	325	73	-93	112	4660
156	320	72	-93	112	4660
154	315	72	-93	112	4660
154	311	71	-93	99	4409
153	308	70	-93	96	4406
153	301	69	-93	95	5174
152	301	68	-93	93	4408
151	294	67	-93	97	5429
149	294	67	-93	97	5429
149	293	63	-93	93	5428
147	288	63	-93	87	5427
148	285	0	-93	0	50
147	283	0	-93	0	50
144	282	0	-93	0	50
143	280	0	-93	0	50
143	277	0	-93	0	50
143	274	0	-93	0	50
143	273	0	-93	0	50
142	273	0	-93	0	50
141	271	0	-93	0	50
135	254	0	-93	0	50
131	239	0	-93	0	50
129	224	0	-93	0	50
128	208	0	-93	0	50
128	165	0	-93	0	50
129	136	0	-93	0	50
128	120	0	-93	0	50
127	120	0	-93	0	50
128	119	0	-93	0	50
129	120	0	-93	0	50
132	136	0	-93	0	50
133	146	0	-93	0	50
135	147	31	-93	372	1074
136	154	32	-93	167	1075
137	167	35	-93	187	1076
137	172	36	-93	187	1076
138	177	36	-93	187	1076
138	186	38	-93	191	1077
139	192	40	-93	183	1334
140	196	42	-93	183	1334
140	199	44	-93	191	1330
141	200	45	-93	196	1843
141	203	45	-93	203	2099
142	202	45	-93	203	2099
142	207	46	-93	208	1841
143	212	47	-93	211	1586
144	209	48	-93	211	1586
144	207	47	-93	214	1842
144	207	47	-93	214	1842
145	207	47	-93	198	2100
145	207	46	-93	199	2355
145	206	46	-93	194	2355
145	205	46	-93	194	2355
147	206	46	-93	185	2610
145	206	46	-93	177	2609
145	209	46	-93	177	2609
143	213	47	-93	158	2608
142	217	48	-93	161	2610
142	219	49	-93	161	2610
142	224	49	-93	161	2610
143	224	49	-93	161	2610
142	236	50	-93	148	2615
143	240	52	-93	138	2619
144	240	53	-93	148	2350
143	247	54	-93	149	2346
143	253	55	-93	140	2353
143	257	57	-93	136	2610
142	260	58	-93	144	3381
142	264	59	-93	137	3639
141	265	59	-93	139	3892
141	267	59	-93	139	3892
142	269	60	-93	132	3892
141	270	60	-93	135	4146
142	271	61	-93	140	4401
143	271	61	-93	144	4913
141	272	61	-93	146	5426
141	272	61	-93	138	5170
140	273	61	-93	138	5167
140	272	61	-93	133	4659
140	272	61	-93	136	4662
139	273	61	-93	144	4917
140	273	61	-93	150	4658
140	273	61	-93	150	4658
140	273	61	-93	152	5173
140	283	61	-93	166	4661
141	283	62	-93	185	4916
141	289	63	-93	192	4915
140	293	64	-93	196	4658
141	293	66	-93	194	4660
141	299	67	-93	202	4147
141	299	67	-93	198	4147
141	300	67	-93	195	3890
142	299	67	-93	192	4146
141	297	67	-93	192	4146
141	297	67	-93	191	4145
141	297	67	-93	187	4146
141	297	67	-93	185	4146
141	298	67	-93	182	3631
141	297	67	-93	185	4143
141	297	67	-93	178	4146
141	300	67	-93	171	3635
142	305	68	-93	157	3127
142	311	69	-93	157	3129
143	311	70	-93	157	2868
144	311	70	-93	157	2868
144	308	70	-93	153	2870
144	306	69	-93	153	2870
144	306	69	-93	168	2609
144	303	69	-93	171	2610
144	301	68	-93	174	3635
144	299	68	-93	176	4152
143	295	66	-93	173	3893
143	291	65	-93	173	4149
142	288	65	-93	168	4660
142	285	64	-93	175	4913
142	282	63	-93	171	4659
142	277	63	-93	171	4659
142	273	64	-93	169	4659
142	269	66	-93	164	5683
142	267	69	-93	162	6456
142	266	68	-93	165	5940
142	267	68	-93	172	5941
142	266	68	-93	180	6195
141	262	67	-93	175	5683
142	261	66	-93	164	4659
141	258	0	-93	0	50
140	247	0	-93	0	50
139	221	0	-93	0	50
140	221	0	-93	0	50
139	183	0	-93	0	50
138	183	0	-93	0	50
138	136	0	-93	0	50
137	119	0	-93	0	50
137	79	0	-93	0	50
134	79	0	-93	0	50
131	57	0	-91	0	50
129	52	0	-91	0	50
129	64	0	-91	0	50
128	64	0	-91	0	50
127	73	0	-91	0	50
127	73	0	-91	0	50
127	90	0	-91	0	50
127	103	0	-91	0	50
128	130	0	-91	0	50
129	137	0	-91	0	50
129	146	31	-91	49	562
130	155	32	-91	96	808
130	165	37	-91	92	1072
130	172	40	-91	97	1583
129	182	40	-91	97	1583
128	187	42	-91	86	1836
128	194	45	-91	86	1836
128	197	47	-91	76	2096
129	200	48	-91	83	2349
127	203	50	-91	74	2864
127	202	52	-91	74	2864
126	204	52	-91	63	3121
126	204	52	-91	53	3891
127	206	52	-91	47	3640
127	207	53	-91	50	3641
128	210	53	-91	53	4151
128	213	53	-91	53	4151
127	216	54	-91	52	4146
126	217	55	-91	52	3627
125	221	56	-91	48	4398
124	223	56	-92	50	4397
125	225	57	-92	52	4657
125	224	57	-92	58	5425
125	222	57	-92	58	5425
125	208	56	-92	59	4657
124	192	0	-92	0	50
124	174	0	-92	0	50
123	124	0	-92	0	50
117	100	0	-92	0	50
117	85	0	-92	0	50
117	88	0	-92	0	50
118	103	0	-92	0	50
121	113	0	-92	0	50
123	133	0	-92	0	50
125	145	30	-92	15	50
126	148	30	-92	76	10552
127	152	36	-92	101	12598
128	154	37	-92	107	8499
127	155	37	-92	107	8499
127	157	39	-92	107	8499
125	160	40	-92	113	6196
125	165	40	-92	117	4659
125	173	41	-92	117	4659
126	182	42	-92	120	4398
128	190	44	-92	120	4398
129	193	45	-92	120	4398
130	197	48	-92	164	3122
131	196	50	-92	158	2888
131	205	51	-92	187	2363
132	202	51	-92	188	2620
131	203	51	-92	188	2620
132	205	52	-92	188	2620
132	207	54	-92	188	2620
131	208	57	-92	159	3142
132	206	59	-92	166	3129
132	206	59	-92	154	3381
133	203	59	-92	154	3381
132	202	58	-92	128	3637
132	200	57	-92	94	3638
131	200	56	-92	97	3892
131	195	55	-92	85	3892
130	174	55	-92	85	3892
130	142	53	-92	85	3892
129	142	0	-92	0	50
128	133	0	-92	0	50
127	82	0	-92	0	50
125	74	0	-90	0	50
124	74	0	-90	0	50
124	61	0	-90	0	50
124	61	0	-90	0	50
125	61	0	-90	0	50
