[Params]
Version=106
Monitor=34
SMode=111111100
Date=20160225
StartTime=10:03:52.0
Length=00:36:51.2
Interval=1
Upper1=0
Lower1=0
Upper2=0
Lower2=0
Upper3=180
Lower3=170
Timer1=00:00:00.0
Timer2=00:00:00.0
Timer3=00:00:00.0
ActiveLimit=0
MaxHR=195
RestHR=46
StartDelay=0
VO2max=48
Weight=66

[Note]

[IntTimes]
00:01:00.0	152	99	118	158
0	0	0	344	0	-92
0	0	0	0	0
33554432	81	0	0	0	0
500	0	0	0	0	0
00:21:46.2	172	158	170	174
0	0	0	483	0	-61
0	0	0	0	0
33554432	8014	0	0	0	0
500	0	0	0	0	0
00:25:18.3	178	99	168	178
0	0	0	489	90	-88
0	0	0	0	0
0	9887	379	40	0	0
0	0	0	0	0	0
00:25:53.9	158	157	172	178
0	0	0	254	0	-88
0	0	0	0	0
33554432	1995	0	0	0	0
500	0	0	0	0	0
00:36:51.2	103	86	117	178
0	0	0	0	81	-96
0	0	0	0	0
0	1411	0	30	0	0
0	0	0	0	0	0

[IntNotes]
1	
2	
3	
4	
5	

[ExtraData]

[LapNames]
1	4	
2	4	
3	1	Pacing... 
4	4	
5	1	

[Summary-123]
2211	0	2211	0	0	0
195	0	0	46
2211	0	2211	0	0	0
195	0	0	46
0	0	0	0	0	0
195	0	0	46
0	2211

[Summary-TH]
2211	0	0	1073	1138	0
195	180	170	46
0	2211

[HRZones]
190
175
162
152
143
133
0
0
0
0
0

[SwapTimes]

[Trip]
181
95
2211
-71
-33
362
535
809

[HRData]
100	0	0	-90	0	50
100	0	0	-90	0	50
99	0	0	-90	0	50
99	0	0	-90	0	50
108	0	0	-90	0	50
113	0	0	-90	0	50
114	0	0	-90	0	50
114	0	0	-90	0	50
115	0	0	-90	0	50
113	0	0	-90	0	50
111	0	0	-90	0	50
112	0	0	-90	0	50
105	0	0	-90	0	50
107	0	0	-90	0	50
102	0	0	-90	0	50
106	0	0	-90	0	50
106	0	0	-90	0	50
108	0	0	-90	0	50
111	0	0	-90	0	50
113	0	0	-90	0	50
114	0	0	-90	0	50
117	0	0	-90	0	50
118	0	0	-90	0	50
117	0	0	-90	0	50
113	0	0	-90	0	50
113	0	0	-90	0	50
109	0	0	-90	0	50
108	0	0	-90	0	50
107	0	0	-90	0	50
106	0	0	-90	0	50
107	0	0	-90	0	50
108	0	0	-90	0	50
109	0	0	-90	0	50
110	0	0	-90	0	50
110	0	0	-90	0	50
111	0	0	-90	0	50
113	0	0	-90	0	50
106	0	0	-90	0	50
103	0	0	-90	0	50
105	0	0	-90	0	50
101	0	0	-90	0	50
106	0	0	-90	0	50
106	0	0	-90	0	50
110	96	0	-90	0	50
115	136	0	-90	0	50
120	164	0	-91	0	50
124	203	45	-91	859	52
127	229	50	-91	267	9495
130	248	63	-91	426	5424
132	265	69	-91	426	5424
135	281	69	-92	417	4919
142	289	74	-92	411	4917
144	297	78	-92	403	4914
146	305	81	-92	403	4914
149	314	84	-92	392	4403
150	320	87	-92	397	4148
151	328	88	-92	398	4406
153	330	90	-92	376	3643
154	338	87	-92	368	3891
156	343	87	-92	372	5172
156	344	87	-92	358	5176
158	343	87	-92	358	5176
158	343	87	-92	368	5429
159	346	87	-92	356	5173
159	346	87	-92	356	5173
159	349	88	-92	366	4915
160	349	88	-92	362	4914
161	349	88	-90	343	4912
160	353	88	-90	331	5176
160	355	89	-90	324	4408
160	355	90	-90	327	4662
160	354	90	-90	348	4661
160	354	87	-90	336	5171
160	355	87	-90	336	5171
159	356	84	-90	340	5682
160	356	85	-90	324	5688
160	358	85	-90	329	5685
160	360	85	-90	333	5429
160	360	85	-90	326	5427
160	358	86	-90	331	4916
160	359	85	-90	332	5173
160	358	85	-90	334	4916
161	359	85	-90	332	4661
160	361	85	-90	327	4408
161	361	85	-90	327	4408
162	361	83	-90	317	4661
162	362	81	-90	326	4914
162	363	81	-90	328	5171
162	362	81	-90	334	5168
162	364	81	-90	327	5425
162	364	81	-90	322	5169
163	366	81	-90	328	4911
163	366	81	-90	331	4914
163	366	82	-90	326	4145
163	367	82	-90	319	4145
164	367	82	-90	322	4145
164	367	82	-90	315	4150
164	366	82	-90	318	4146
164	366	82	-90	319	4147
165	365	81	-90	334	4399
164	366	81	-90	340	5426
165	367	81	-90	344	5426
165	367	82	-90	338	6198
165	367	82	-90	342	6194
165	368	82	-90	342	6194
165	368	82	-90	328	6450
165	369	82	-90	327	6195
165	368	82	-89	327	6195
165	368	82	-89	334	5425
165	368	82	-89	341	5168
165	365	82	-89	340	4913
165	366	82	-89	317	4405
166	364	82	-89	325	4660
166	363	81	-89	315	4664
165	362	81	-89	309	4408
166	360	81	-89	313	4402
166	358	81	-89	303	4143
166	356	79	-89	322	4657
166	355	79	-89	322	4657
166	354	79	-89	329	4143
166	353	79	-89	318	4151
166	354	79	-89	324	3889
166	354	79	-88	314	3639
166	355	79	-88	313	4401
166	355	79	-88	310	4657
166	355	79	-88	309	4659
166	356	79	-88	321	4913
166	356	79	-88	320	5427
166	356	79	-88	319	5681
166	355	79	-88	316	5683
166	355	79	-88	315	5682
166	354	79	-88	315	5938
166	354	79	-86	311	5424
166	353	79	-86	307	5427
166	350	78	-86	304	4915
166	348	78	-86	301	5169
166	348	78	-86	304	4658
166	348	78	-87	288	4407
166	349	78	-87	313	3889
166	348	78	-87	313	3889
166	348	77	-87	319	3888
166	348	77	-87	322	3888
166	349	78	-87	322	3636
166	350	78	-87	304	3632
167	350	78	-87	301	3632
166	352	78	-87	295	3636
167	351	78	-87	288	3378
167	349	78	-86	278	3383
167	346	78	-86	277	3377
167	346	78	-86	285	3379
167	347	79	-86	279	2866
167	349	79	-86	285	2865
167	352	79	-86	285	2865
167	367	79	-86	290	2865
167	371	80	-86	289	3126
168	361	83	-86	289	3634
168	362	83	-86	306	3635
168	362	82	-86	306	3635
169	359	82	-86	351	4399
169	356	81	-86	361	5168
169	355	81	-86	355	5940
169	355	80	-86	362	6706
169	354	80	-86	353	6449
169	354	80	-86	343	6449
169	355	80	-86	341	6450
169	355	80	-86	341	6450
168	356	80	-86	342	6705
168	357	80	-86	330	6192
168	357	81	-86	332	5935
168	358	81	-86	322	5422
168	358	81	-86	321	5166
168	356	81	-86	318	4655
168	356	81	-86	305	3887
168	356	80	-86	307	4143
168	356	80	-86	307	4401
168	356	80	-86	306	4401
168	355	80	-86	306	4401
168	357	80	-86	309	4399
168	358	81	-86	301	4403
168	358	81	-86	302	4400
168	359	81	-86	308	4400
168	360	81	-86	307	4399
169	360	81	-86	305	4401
168	361	81	-87	300	4663
168	361	81	-87	312	4655
168	361	81	-87	308	4657
168	362	81	-87	308	4657
169	362	82	-87	304	4400
168	363	82	-87	297	4150
168	363	82	-87	302	5431
168	363	82	-87	310	5173
168	362	82	-87	295	4917
168	361	82	-87	301	5172
168	362	81	-87	299	5426
168	362	81	-87	302	5682
168	362	82	-87	326	5423
168	361	82	-87	314	5169
168	360	82	-87	314	5169
168	357	81	-87	316	4402
168	357	81	-86	303	4150
168	355	81	-86	312	3891
168	356	80	-86	315	3636
169	355	80	-86	310	3637
168	351	80	-86	311	3380
168	351	80	-86	307	3634
169	347	79	-86	309	3634
169	347	79	-86	296	3634
169	336	78	-86	315	3634
169	333	75	-86	306	3382
170	330	75	-86	304	3382
170	329	75	-86	304	3382
170	329	75	-86	314	3633
170	328	74	-86	313	3127
170	329	74	-85	331	3125
170	329	74	-85	343	3123
170	331	74	-85	340	3118
170	333	75	-85	338	3121
171	335	75	-85	334	2864
171	335	75	-85	313	2614
171	328	77	-85	313	2871
171	327	77	-85	308	2871
171	327	79	-85	308	2871
171	325	79	-85	301	2870
171	323	78	-85	295	2873
171	331	78	-83	287	2876
171	333	80	-83	311	3381
171	332	80	-83	317	3637
172	331	80	-83	318	4150
172	337	80	-83	336	4656
171	339	82	-83	338	5169
171	339	82	-83	342	5936
171	342	82	-83	331	5938
171	339	82	-83	329	6194
171	339	82	-83	345	6450
171	339	82	-82	331	6451
171	338	82	-82	336	6704
170	338	82	-82	319	6707
170	337	81	-82	322	6448
171	336	81	-82	313	5682
171	336	81	-82	304	5170
171	336	81	-82	309	4913
171	337	80	-82	316	4398
171	336	78	-82	312	4139
170	339	78	-82	312	4139
170	339	76	-82	305	4140
171	340	77	-82	292	3635
171	341	77	-82	294	3377
171	344	77	-82	290	3381
170	349	78	-82	292	3378
170	353	79	-81	288	3386
171	354	79	-81	314	3890
171	355	80	-81	329	4656
171	359	80	-81	323	5170
171	357	80	-81	329	6194
171	354	80	-81	331	6192
171	355	80	-81	334	5935
171	354	80	-81	329	5933
171	352	79	-81	333	5678
171	348	79	-81	306	5176
171	345	78	-81	316	4658
171	341	77	-79	320	4402
171	339	76	-79	321	4147
172	336	76	-79	312	3896
172	334	75	-79	301	3386
172	332	74	-79	302	3127
172	329	74	-79	298	3127
172	329	74	-79	310	3381
172	325	74	-79	321	3383
172	328	74	-79	321	3383
172	328	75	-79	320	3385
172	329	79	-77	338	4402
172	331	79	-77	348	4656
172	331	79	-77	345	5170
172	331	79	-77	353	5935
172	331	79	-77	346	6190
172	334	79	-76	328	6453
172	336	80	-76	304	6967
172	338	80	-76	304	6967
172	339	81	-76	314	6449
172	339	81	-76	314	6449
172	339	81	-76	308	5677
172	339	81	-76	304	5166
172	337	81	-76	284	4401
172	334	80	-76	284	4401
172	334	80	-76	286	4146
171	332	80	-76	270	3629
172	332	79	-76	260	3878
172	333	79	-76	271	3887
172	333	79	-76	275	3887
172	335	79	-76	275	3887
172	336	80	-75	298	4654
172	335	80	-75	328	5935
172	335	80	-75	333	5934
171	336	80	-75	335	5935
171	334	80	-75	347	6450
172	332	80	-73	355	6963
172	331	79	-73	353	6961
172	329	79	-73	344	6193
172	327	78	-73	354	5422
172	328	78	-73	354	5422
172	328	78	-72	343	4913
172	330	78	-72	336	4655
172	330	79	-72	320	4139
172	333	79	-72	299	4149
172	335	79	-72	296	4147
172	336	80	-72	298	3632
173	338	81	-72	286	3889
173	338	81	-72	289	4141
172	341	81	-72	280	4142
172	342	82	-72	286	3892
172	345	82	-71	295	3894
172	345	82	-71	295	3894
173	345	83	-71	312	4659
173	342	83	-71	324	5169
172	339	82	-71	332	5682
172	336	81	-71	337	6450
172	334	80	-71	331	6448
172	332	80	-71	334	6191
172	332	80	-71	333	6192
172	328	79	-71	324	5935
172	328	78	-71	325	5678
172	328	78	-71	305	5165
172	326	78	-71	302	4654
172	328	78	-71	303	4399
172	327	78	-71	302	4145
172	325	78	-71	286	4149
172	325	78	-71	283	3642
172	326	78	-71	291	3633
172	326	78	-71	278	4145
172	331	78	-71	278	4145
173	333	79	-71	285	3891
172	334	79	-71	309	4142
173	336	80	-71	314	5938
173	336	80	-71	314	5938
173	337	80	-71	314	5938
173	339	81	-71	310	6959
173	339	81	-71	313	6960
173	341	81	-71	310	6968
172	343	82	-71	317	6710
172	347	82	-71	321	5937
172	349	83	-71	329	5935
172	350	83	-69	332	5934
172	350	83	-69	333	5936
173	349	83	-69	332	5936
172	349	83	-69	311	4916
172	346	83	-69	311	4916
172	346	83	-69	313	4657
172	347	83	-69	310	4145
172	347	83	-69	313	4145
172	346	83	-69	312	4151
173	347	83	-69	314	3887
173	345	83	-69	296	4146
173	345	83	-69	284	3882
173	348	82	-69	286	3635
173	348	83	-69	287	3631
173	346	83	-69	292	4149
173	346	83	-69	292	4149
173	345	83	-69	294	4663
173	346	83	-69	310	5427
173	345	83	-69	312	5940
174	346	83	-69	330	6707
174	345	83	-69	342	6962
174	343	83	-69	339	6962
174	341	83	-69	321	6708
173	340	82	-69	318	6707
173	339	82	-69	325	6448
173	339	82	-69	315	5171
173	338	82	-69	301	4918
173	338	82	-69	305	4659
173	336	81	-69	301	4400
173	332	81	-69	300	3886
173	331	80	-69	285	3630
173	329	80	-68	278	3373
173	330	79	-68	278	3373
173	328	79	-68	283	3121
173	326	79	-68	283	3121
173	327	79	-68	287	3118
173	325	79	-68	289	3116
173	323	77	-68	306	3115
173	320	77	-68	306	3115
174	321	77	-68	294	3120
173	322	77	-68	310	3889
173	323	78	-67	310	3889
173	324	78	-67	319	4657
173	323	78	-67	329	5937
173	323	78	-67	324	6449
173	325	78	-67	324	6706
173	328	78	-66	308	6707
173	328	78	-66	306	6707
173	332	80	-66	310	6964
172	338	80	-66	308	6963
173	340	81	-66	295	6452
172	341	82	-66	290	5939
172	341	82	-66	278	4916
172	351	83	-66	262	4411
172	354	84	-66	276	4407
172	356	85	-66	268	3897
172	361	86	-66	273	3894
172	362	87	-66	288	3891
172	370	88	-66	290	3893
172	375	84	-66	262	4156
172	382	84	-66	262	4156
172	388	86	-66	268	3894
172	392	87	-66	282	4402
172	396	86	-66	294	4913
172	402	84	-66	289	5427
172	404	85	-66	291	6706
172	408	85	-66	298	6706
172	410	86	-68	288	6449
172	411	87	-68	272	6451
171	410	87	-68	248	5943
171	409	87	-68	254	5426
171	408	85	-68	229	4917
171	408	85	-69	229	4917
171	408	82	-69	237	4915
171	407	80	-69	224	4405
171	407	80	-69	233	3890
171	397	80	-69	236	3378
171	386	79	-71	244	2863
171	387	78	-71	248	2865
171	385	76	-71	248	2865
171	385	76	-71	267	3376
171	387	75	-71	279	3117
171	389	76	-71	265	2867
171	375	76	-71	257	2869
171	375	77	-71	259	3123
171	369	78	-71	272	3378
171	357	77	-71	272	3378
171	357	77	-71	279	3892
171	355	78	-69	301	4402
172	351	79	-69	308	5172
172	348	79	-69	308	5172
171	336	78	-69	322	5423
171	336	75	-69	313	5168
172	331	75	-68	304	5171
172	324	75	-68	318	5165
172	321	76	-68	342	5164
171	316	78	-68	337	5169
172	314	77	-68	323	4919
172	311	76	-67	318	4401
172	307	75	-67	326	4400
172	307	75	-67	324	4398
172	305	74	-67	323	3883
172	304	74	-67	308	3622
172	302	73	-67	313	3627
173	298	72	-67	308	3371
173	298	72	-67	308	3635
172	297	72	-67	308	3635
173	297	73	-67	300	3382
173	297	74	-66	309	3378
173	295	76	-66	313	3376
173	294	76	-66	314	3374
173	295	76	-66	308	3375
173	296	75	-66	297	3379
173	297	76	-65	294	3120
173	296	76	-65	298	2862
173	297	76	-65	319	3888
173	299	76	-65	322	4908
173	298	77	-65	327	5418
173	298	76	-62	314	5420
173	297	76	-62	311	5934
173	298	76	-62	293	5683
173	298	76	-62	286	5942
172	298	77	-62	289	6705
172	298	76	-62	297	6449
172	301	77	-62	303	6190
172	303	77	-62	289	5940
172	305	77	-62	305	5680
171	304	78	-62	316	5165
171	306	78	-62	316	5165
171	308	78	-62	299	4400
171	308	78	-62	299	4400
171	309	78	-62	281	3631
170	308	78	-62	287	3375
170	311	79	-62	267	3385
170	313	79	-62	266	2868
171	315	80	-62	266	3125
170	316	80	-62	286	2864
171	317	81	-62	296	3119
171	319	81	-62	306	4658
171	321	82	-62	304	5175
171	321	82	-62	304	5175
171	320	82	-62	313	5684
171	321	82	-62	290	5943
172	322	81	-62	297	6196
172	324	80	-62	297	6194
172	324	78	-62	314	5933
172	326	78	-62	306	5418
171	324	78	-62	297	4909
172	325	78	-62	296	3888
172	327	78	-62	307	3888
172	327	78	-62	307	3888
171	325	78	-62	304	3631
171	328	78	-62	306	3629
172	330	79	-62	305	3374
172	330	79	-61	302	3381
172	330	79	-61	297	3893
172	332	79	-61	287	3895
172	332	79	-61	284	3631
172	333	79	-61	285	3375
172	333	80	-61	294	3373
172	335	80	-61	287	3632
172	337	81	-61	286	2869
172	341	81	-61	281	2869
172	342	82	-61	287	2866
172	341	82	-59	302	4146
172	342	82	-59	297	4402
172	342	82	-59	288	5424
172	341	82	-59	287	5424
172	341	82	-59	283	5170
172	342	81	-59	274	5678
172	339	79	-58	282	5936
172	339	76	-58	287	6191
172	338	76	-58	290	4657
172	340	76	-58	290	4657
172	338	76	-58	289	4401
172	338	76	-58	280	3890
172	339	76	-58	274	3124
172	340	76	-58	266	3122
172	340	76	-58	274	2864
172	342	76	-58	269	2871
172	341	77	-58	264	3128
172	342	77	-58	267	3384
172	341	77	-58	268	2868
173	341	77	-58	260	2864
173	341	76	-58	257	2866
173	336	76	-58	264	2866
173	336	75	-58	264	2866
173	335	77	-58	264	2347
173	337	78	-58	255	2345
173	338	81	-58	255	2345
173	338	81	-58	306	3628
173	336	81	-58	319	4398
173	333	80	-58	332	4910
173	330	80	-58	328	5936
173	326	79	-58	328	6191
173	322	78	-56	326	6450
173	322	77	-56	314	6453
173	318	77	-56	312	6451
172	315	76	-56	312	6451
173	313	75	-56	314	6193
173	312	75	-54	319	5679
173	310	75	-54	314	5166
173	311	74	-54	312	4652
173	310	74	-54	312	4652
173	312	75	-54	294	3890
172	311	74	-53	283	3636
172	311	74	-53	283	3636
172	311	75	-53	283	3636
173	314	75	-53	274	2863
173	319	76	-53	273	2609
173	323	76	-53	268	2611
173	326	77	-53	253	2618
173	330	78	-53	268	3119
173	334	78	-53	284	3629
173	336	80	-53	281	3627
173	340	80	-53	294	4654
173	343	82	-53	293	5168
173	347	83	-53	294	6192
172	349	84	-53	289	6448
172	353	84	-53	289	6448
172	356	84	-53	285	6447
172	361	85	-53	284	6450
172	366	83	-53	293	5681
172	371	82	-53	308	5167
171	376	83	-53	293	5169
172	381	81	-53	282	5171
172	387	80	-54	275	4141
172	393	81	-54	267	3888
172	398	82	-54	257	3888
172	405	84	-54	256	3627
172	412	84	-54	256	3627
172	419	86	-56	263	3630
172	424	87	-56	289	4402
172	428	85	-56	298	4400
172	431	83	-56	304	5172
172	434	84	-56	308	5682
172	435	84	-56	318	6193
172	436	84	-56	312	6191
171	434	85	-56	314	6193
171	432	84	-56	312	5937
171	430	83	-56	297	4914
171	428	83	-56	297	4914
171	424	82	-56	283	4405
171	421	82	-56	271	3894
171	417	82	-56	275	3375
171	416	81	-56	272	3121
171	415	81	-58	275	3377
172	410	80	-58	290	3887
172	404	79	-58	293	4143
172	402	78	-58	302	4399
172	399	78	-58	298	4916
172	394	78	-56	309	4402
172	395	76	-56	280	3897
172	391	76	-56	280	3897
172	390	76	-56	289	3644
172	390	75	-56	273	3134
172	387	75	-56	261	2879
172	390	75	-56	256	3128
172	387	75	-56	243	3131
172	385	76	-56	243	3131
172	384	77	-56	253	3895
172	383	79	-56	260	4403
172	380	80	-56	274	4401
172	382	79	-56	277	4917
172	381	79	-56	300	5937
172	378	79	-56	306	6192
172	377	79	-56	309	6704
172	377	79	-55	301	6706
172	373	78	-55	290	6966
171	372	78	-55	296	6963
171	371	78	-55	294	6705
172	370	78	-55	298	7217
172	369	77	-54	298	6704
172	366	77	-54	298	6961
172	363	77	-54	279	6193
172	363	76	-54	275	5683
172	358	76	-54	278	4915
172	354	77	-54	272	4147
172	349	78	-54	272	3890
172	345	78	-54	273	4146
172	343	77	-54	263	3638
172	341	77	-54	269	3895
172	337	77	-53	280	3637
172	337	76	-53	291	3379
172	332	75	-53	297	2864
173	331	74	-53	274	2610
173	327	73	-53	280	2610
173	318	73	-53	280	2615
173	310	74	-53	277	2613
172	307	75	-53	295	3120
173	304	74	-53	293	3121
173	303	73	-53	294	3383
173	298	73	-52	294	3383
173	294	72	-52	317	4144
173	292	73	-52	314	4398
173	289	75	-52	299	4917
173	284	73	-52	305	4913
173	284	73	-51	305	4913
173	283	72	-51	306	4911
173	280	72	-51	310	4142
172	279	71	-51	295	3892
172	278	71	-51	292	3375
172	277	70	-49	283	3381
172	278	70	-49	293	3118
173	276	71	-49	301	2863
173	271	70	-49	291	3121
172	270	69	-49	276	3125
172	269	68	-49	268	2609
172	269	68	-48	279	2351
172	270	69	-48	279	2351
172	273	69	-48	256	2605
172	280	69	-48	262	2350
172	287	71	-48	262	2350
172	291	73	-47	262	3118
172	294	74	-47	291	3379
172	297	75	-47	279	3890
172	301	76	-47	279	4399
172	305	77	-47	284	4912
172	309	78	-46	285	5168
171	314	79	-46	282	5677
171	317	81	-46	269	4397
171	322	81	-46	269	4397
171	326	82	-46	256	3894
171	331	84	-46	244	3644
171	336	85	-46	238	3642
171	339	86	-46	241	3637
171	339	85	-46	244	3894
171	342	81	-46	244	3899
171	346	79	-46	252	3380
171	349	78	-46	242	3635
171	353	78	-46	256	4399
172	354	78	-46	254	3887
171	354	79	-46	254	3887
172	355	79	-47	254	3887
172	356	80	-47	247	3374
171	356	80	-47	247	3374
172	353	80	-47	244	3377
171	358	80	-47	238	2864
171	361	80	-47	235	2867
171	370	81	-47	248	3125
171	379	83	-47	274	3376
171	385	85	-47	295	5171
171	387	85	-47	295	5171
171	390	82	-47	312	6196
171	390	79	-47	311	6708
171	393	76	-47	302	6962
171	393	77	-47	293	6962
171	395	77	-47	288	7217
171	396	77	-46	287	7474
171	398	77	-46	281	6191
170	398	78	-46	271	5167
170	399	78	-46	265	4395
170	398	77	-46	261	3883
170	398	75	-46	244	3633
170	399	72	-47	242	3119
170	396	72	-47	242	3119
170	394	72	-47	233	2604
169	391	71	-47	230	2352
169	391	70	-47	225	2103
169	387	70	-47	227	2106
169	390	70	-47	238	2611
169	390	70	-47	238	2611
169	389	70	-47	252	3378
170	389	70	-47	262	4147
169	389	70	-47	257	4660
170	391	71	-47	269	4915
170	393	71	-47	264	4914
170	395	71	-47	262	4913
170	397	71	-47	267	4655
171	399	72	-48	268	3626
171	398	72	-48	262	3114
171	396	72	-48	267	3371
171	395	72	-48	265	3117
171	395	71	-48	253	3125
171	392	72	-49	247	2867
171	390	71	-49	256	2862
171	390	71	-49	259	2861
171	386	70	-49	248	2865
171	384	70	-49	251	2606
171	383	70	-49	249	2858
171	382	69	-49	253	2864
171	382	69	-49	253	2864
171	372	69	-49	249	2866
171	370	69	-49	251	2862
171	367	71	-49	257	3117
171	366	72	-48	257	3117
171	365	72	-48	289	4140
170	365	71	-48	278	4401
171	363	71	-48	287	4399
171	362	71	-48	297	4401
171	360	71	-47	307	4399
171	359	71	-47	323	3885
171	357	70	-47	303	3894
171	357	71	-47	290	4153
171	357	73	-47	286	3889
171	357	75	-46	279	3637
171	356	75	-46	271	3632
171	357	75	-46	268	3118
171	357	75	-46	268	3118
171	356	75	-46	271	3638
172	352	75	-44	279	4149
172	349	74	-44	293	4400
171	347	73	-44	302	4654
171	343	73	-44	301	4909
171	334	72	-44	289	5420
171	334	71	-43	295	5420
171	324	71	-43	297	5419
171	324	72	-43	288	5421
171	322	73	-43	289	5162
171	317	72	-43	289	4653
171	316	72	-43	297	4653
171	314	71	-43	303	4651
171	313	71	-43	312	4137
171	312	71	-43	299	4401
171	312	71	-43	308	3885
170	312	70	-43	300	4144
171	310	70	-41	305	3631
171	307	70	-41	308	3372
172	306	69	-41	300	3117
172	304	69	-41	298	3119
172	303	69	-41	288	2863
172	302	71	-40	291	2862
172	302	73	-40	292	3114
172	303	73	-40	279	3123
173	303	73	-40	279	3123
172	303	73	-40	272	3381
173	303	73	-38	286	3890
173	304	73	-38	286	4402
172	304	73	-38	294	4656
172	303	73	-38	295	5169
172	301	73	-38	307	5423
172	298	73	-36	311	5933
172	296	72	-36	307	5677
172	294	70	-36	301	5942
172	291	70	-36	283	5942
172	287	70	-36	283	5680
172	284	69	-35	281	5422
172	282	69	-35	289	5420
172	283	68	-35	301	4908
172	285	68	-35	307	4145
171	285	68	-35	315	3636
172	288	68	-33	315	3124
171	290	69	-33	304	2621
172	298	70	-33	306	2614
171	303	71	-33	302	2357
172	310	72	-33	288	2102
172	319	74	-33	300	2612
171	328	76	-33	273	2613
172	340	78	-33	275	3379
172	358	80	-33	275	3379
172	367	81	-33	277	3635
172	375	79	-33	264	3891
172	382	75	-33	259	3887
172	391	73	-33	261	4141
172	397	73	-33	256	3371
171	403	70	-33	248	3630
171	409	73	-34	228	3381
171	411	73	-34	228	3381
171	411	73	-34	221	3123
170	415	74	-34	217	3381
170	417	74	-34	210	3127
170	417	74	-34	205	2865
171	420	75	-35	207	2605
170	423	75	-35	208	2866
170	424	75	-35	215	3120
170	423	76	-35	224	3631
170	423	76	-35	224	3631
170	425	76	-36	237	4911
170	425	76	-36	248	4912
170	425	76	-36	254	5168
170	425	76	-36	262	5422
170	429	76	-36	258	6448
169	430	77	-36	266	6704
169	431	77	-36	268	6450
169	431	77	-36	273	6194
169	432	77	-36	279	6194
169	432	77	-36	279	6194
169	433	77	-36	274	6195
169	437	78	-36	280	5165
169	440	78	-36	271	4911
169	442	79	-36	267	4141
169	441	78	-36	269	4141
169	440	75	-36	265	4916
169	440	74	-36	264	4401
169	440	72	-36	255	4144
169	442	72	-36	248	3890
168	449	73	-36	244	3630
169	449	73	-38	232	3375
169	451	74	-38	234	3887
169	454	74	-38	231	4145
169	450	74	-38	228	3888
169	450	74	-38	227	3888
169	450	74	-40	225	4146
169	447	74	-40	228	3636
169	447	74	-40	228	3636
170	441	73	-40	248	3891
169	441	73	-40	269	4145
170	437	72	-41	264	3890
170	433	72	-41	267	3894
169	431	71	-41	270	4404
169	430	71	-41	262	4659
169	426	70	-41	259	4912
169	423	70	-41	264	4912
169	422	70	-41	268	4397
169	417	69	-41	272	4139
169	417	68	-41	277	3885
169	411	68	-41	277	3885
169	410	71	-41	276	4147
169	410	73	-41	278	3894
169	409	73	-41	269	3896
169	409	73	-41	273	3376
170	407	73	-41	282	3375
170	406	73	-41	291	4141
170	402	73	-41	286	4142
170	398	71	-41	292	4396
170	395	71	-41	296	4651
170	393	71	-41	301	4910
170	390	70	-41	312	4396
170	388	70	-41	317	4909
170	386	69	-41	322	4910
170	384	68	-41	321	4909
170	383	68	-41	313	4914
170	381	68	-41	312	4656
170	381	68	-40	300	4141
170	380	68	-40	297	3372
170	380	68	-40	289	3371
170	378	68	-40	292	3372
170	378	68	-40	279	3381
170	375	67	-40	283	3377
170	371	67	-40	283	3377
170	370	67	-40	279	2604
171	370	66	-40	282	3117
171	367	66	-40	278	3375
171	367	66	-39	279	3375
171	366	67	-39	272	3379
171	368	66	-39	275	2866
171	369	66	-39	259	2872
170	368	67	-39	245	2874
170	371	70	-37	244	2610
170	371	71	-37	261	2608
170	368	73	-37	273	2608
170	368	72	-37	280	2860
170	363	72	-37	263	3379
170	362	71	-37	265	3118
170	363	71	-37	263	3892
170	366	71	-37	266	4147
170	368	72	-37	266	4147
170	371	72	-37	292	4144
170	371	72	-37	299	4399
170	371	73	-37	296	5427
170	374	73	-37	296	5427
170	375	73	-37	307	5167
170	377	73	-37	297	5429
170	377	74	-37	308	5423
170	374	74	-37	295	4653
170	376	73	-37	285	4147
170	371	73	-37	279	3373
170	369	73	-37	283	2861
170	363	71	-37	276	3115
170	363	71	-36	275	3115
170	355	71	-36	262	3376
170	350	70	-36	257	3115
170	346	68	-36	251	2868
170	334	67	-36	246	2609
170	321	66	-35	241	2350
170	316	61	-35	241	2350
170	323	60	-35	31	2608
170	334	62	-35	229	1856
170	339	63	-35	423	1846
170	340	65	-35	347	2601
170	342	67	-35	308	2859
170	340	67	-35	276	3120
170	334	66	-35	246	3122
170	330	66	-35	233	3376
170	330	65	-35	233	3376
170	331	65	-35	226	3374
170	326	64	-35	218	3115
170	329	64	-35	218	3115
169	332	64	-35	213	3114
170	334	65	-35	211	3377
170	337	65	-35	210	3901
169	348	67	-35	213	3651
169	357	67	-35	213	3651
169	367	69	-35	221	3394
169	371	70	-34	221	3394
169	378	73	-34	240	3383
169	389	74	-34	242	3642
168	395	75	-34	263	4401
168	402	77	-34	274	5167
168	406	79	-36	279	5424
168	411	80	-36	295	6195
168	412	80	-36	294	6195
168	414	81	-36	297	6195
168	413	81	-36	297	6706
168	411	81	-37	297	6450
168	411	80	-37	296	6194
168	410	80	-37	293	5681
167	413	79	-37	288	5167
167	413	75	-37	282	4914
167	414	71	-38	272	4398
168	416	70	-38	260	3882
168	418	69	-38	271	3376
168	418	69	-38	274	3118
167	421	70	-38	264	3123
167	420	70	-38	259	3129
167	423	70	-38	270	3122
167	423	70	-38	255	3382
167	422	70	-38	252	3381
167	423	70	-38	250	3120
167	421	70	-39	253	2865
167	421	70	-39	250	2873
167	420	70	-39	255	3124
167	421	69	-39	260	2864
167	421	69	-39	256	2610
167	420	70	-39	260	2603
167	419	70	-39	260	2603
168	419	69	-39	258	2602
168	416	69	-39	253	2349
168	416	69	-39	264	2349
168	418	69	-39	255	2357
168	420	69	-39	268	2349
169	421	69	-39	278	2602
169	421	70	-39	279	2605
169	422	70	-39	272	3123
168	421	70	-39	279	3374
168	422	70	-39	275	3631
168	422	70	-39	280	3884
168	427	70	-39	278	4140
168	431	71	-39	278	4141
168	433	71	-39	277	4140
167	436	72	-41	275	4398
167	433	72	-41	274	4400
167	430	72	-41	276	5425
167	430	71	-41	277	5425
167	427	71	-41	275	5679
167	422	70	-43	283	5172
167	420	69	-43	280	4663
167	419	69	-43	253	3635
168	415	69	-43	249	3628
167	413	69	-43	238	3636
168	412	69	-44	245	3119
168	410	68	-44	239	3127
168	410	68	-44	239	2863
168	410	68	-44	234	2612
168	408	68	-44	240	2350
168	408	68	-44	239	2347
168	406	67	-44	249	2345
168	405	70	-44	251	2345
168	403	71	-44	255	2347
169	400	72	-44	263	2089
169	397	72	-44	263	2089
169	397	72	-44	257	2863
169	391	72	-44	257	2863
169	387	71	-44	265	2863
168	383	70	-44	268	3118
168	377	69	-44	276	3376
169	369	69	-44	287	3881
169	365	67	-44	291	3879
169	362	69	-44	289	3878
168	361	71	-44	303	3884
168	357	71	-43	303	3884
168	357	70	-43	312	4399
168	357	70	-43	318	4141
168	356	70	-43	328	4141
168	352	70	-43	332	4140
168	352	69	-42	327	3885
168	351	69	-42	308	3372
167	349	68	-42	305	3115
167	350	69	-42	305	2862
167	349	69	-42	309	2863
167	352	69	-40	299	2606
167	352	69	-40	299	2606
167	351	69	-40	274	2612
167	352	69	-40	269	2351
167	356	69	-40	275	2353
166	358	70	-40	269	2090
167	359	70	-40	274	2600
167	361	71	-40	262	3120
168	359	71	-40	258	3639
168	359	70	-40	263	3630
168	359	70	-40	264	4143
168	355	70	-39	265	4400
168	355	69	-39	253	4659
168	355	70	-39	253	4915
168	356	70	-39	251	4917
168	354	70	-39	251	4917
168	352	69	-37	258	4658
169	351	69	-37	265	3632
168	351	69	-37	250	3129
168	348	69	-37	251	2879
169	348	69	-37	251	2879
169	348	68	-37	268	2872
168	347	68	-37	278	2356
169	346	68	-37	287	2610
169	343	67	-37	299	2095
169	338	67	-37	297	2094
169	336	67	-35	288	2095
169	333	66	-35	295	2352
169	330	66	-35	295	2352
169	331	65	-35	279	2354
169	331	65	-35	265	2343
169	328	64	-33	265	2343
169	325	64	-33	260	2353
169	327	64	-33	245	2109
169	332	65	-33	239	1852
169	332	66	-33	225	1859
169	338	66	-33	225	1859
169	346	66	-33	244	1851
169	354	67	-33	241	2110
169	366	69	-33	237	2365
169	378	71	-33	241	2357
169	389	71	-33	244	2865
169	401	71	-33	247	3890
169	411	68	-33	246	4146
169	418	68	-33	243	4142
169	427	69	-33	239	3885
169	432	72	-35	232	4146
169	436	72	-35	228	4146
169	440	72	-35	224	3633
168	445	73	-35	217	3635
168	456	74	-35	225	3376
168	460	75	-38	238	3888
168	460	75	-38	246	4656
168	465	76	-38	253	5938
168	468	76	-38	258	5939
169	473	77	-38	259	6195
169	475	77	-40	271	6705
168	475	77	-40	275	6193
168	475	78	-40	276	5166
169	477	78	-40	275	4653
168	478	78	-40	284	4396
168	483	78	-40	270	4140
168	484	79	-43	268	3885
169	489	79	-43	258	3886
169	495	79	-43	259	3886
169	498	80	-43	254	3117
169	499	81	-43	256	3380
169	499	81	-45	277	4659
169	499	81	-45	278	4658
169	499	81	-45	275	5684
168	498	81	-45	275	5684
169	498	81	-45	284	5682
168	492	81	-47	301	5681
168	492	80	-47	293	5423
168	492	80	-47	285	5678
168	490	80	-47	284	5423
168	490	80	-47	276	5167
168	489	80	-49	262	5428
168	487	80	-49	286	5169
168	486	79	-49	294	4655
168	481	79	-49	288	4401
168	480	79	-49	277	3890
169	475	79	-50	276	3373
169	474	78	-50	276	3373
169	470	77	-50	260	3124
168	465	77	-50	267	3120
169	457	76	-50	268	3379
169	457	75	-50	265	3379
169	453	75	-50	278	3374
169	449	74	-50	265	3377
169	443	73	-50	250	3123
169	443	72	-50	248	3122
169	438	73	-49	248	3122
170	437	75	-49	257	3376
170	434	77	-49	267	3634
170	427	77	-49	281	3631
170	427	76	-49	269	3633
170	424	76	-49	280	4145
170	422	75	-49	281	3887
170	421	75	-49	274	3888
170	421	75	-49	284	4140
170	422	75	-49	298	4910
170	421	75	-49	295	4910
170	418	75	-49	295	5166
170	416	75	-49	293	5166
170	416	74	-49	292	5423
170	411	73	-49	289	5423
170	404	73	-49	293	5678
170	399	72	-48	284	4910
170	395	71	-48	280	4395
170	395	74	-48	278	4655
170	388	79	-48	265	4917
170	384	81	-48	280	4659
171	379	79	-47	271	4149
170	375	78	-47	262	3891
170	369	78	-47	252	3635
170	360	77	-47	243	3377
170	353	76	-47	243	3377
170	352	73	-49	245	3887
170	353	73	-49	248	3631
170	351	73	-49	256	3889
170	346	73	-49	258	3889
170	345	72	-49	258	3632
170	343	72	-47	245	3638
170	342	71	-47	257	3632
170	349	71	-47	263	3371
171	353	73	-47	262	3633
171	357	74	-47	269	3890
171	364	74	-47	290	4400
171	382	76	-47	305	5167
171	392	77	-47	311	5680
171	398	79	-47	312	5682
171	398	81	-47	328	5939
171	398	83	-47	336	6449
171	391	82	-47	333	6447
171	391	83	-47	322	6449
170	389	82	-47	312	7218
170	390	79	-47	295	6708
170	392	79	-47	290	6709
170	392	77	-47	288	5939
170	395	77	-47	290	4911
170	395	78	-47	269	3895
170	393	78	-47	256	3391
170	394	78	-47	270	2867
170	397	78	-47	270	2867
170	397	78	-47	273	3122
170	402	78	-47	262	3378
169	405	79	-47	263	3117
170	410	79	-47	264	3379
170	417	81	-47	261	3121
170	422	82	-47	267	3119
170	425	83	-47	290	4400
171	432	82	-47	288	4656
171	437	81	-47	278	5427
171	445	79	-47	274	5428
171	447	76	-47	262	4914
171	453	74	-47	248	4404
171	457	75	-47	241	3890
171	463	76	-49	240	3634
170	469	78	-49	241	3376
171	473	78	-49	241	3376
171	479	79	-49	252	3373
170	486	80	-49	255	3628
171	489	81	-49	249	3628
171	492	81	-51	249	3891
171	497	82	-51	249	3635
171	497	83	-51	242	3124
171	497	83	-51	241	3125
171	500	83	-51	233	2613
171	499	83	-54	226	2611
170	499	83	-54	238	2865
170	499	83	-54	259	3376
170	495	83	-54	259	3376
170	494	83	-54	255	3374
170	494	82	-56	258	3629
170	489	82	-56	264	3888
170	484	81	-56	257	3633
170	481	81	-56	268	3373
170	475	80	-56	268	3631
170	473	79	-58	271	3633
170	470	79	-58	258	4408
170	470	79	-58	271	4405
170	467	78	-58	302	4914
169	467	78	-58	302	4914
169	464	78	-58	316	4912
170	464	78	-58	322	4912
170	460	77	-58	308	4659
170	460	77	-58	303	3630
169	460	77	-58	298	3113
170	453	76	-58	300	3625
170	453	76	-58	276	2863
170	447	75	-58	284	3119
170	447	75	-58	286	2862
170	441	74	-58	278	3122
170	442	74	-58	280	3121
170	439	74	-58	273	2863
170	439	73	-58	262	2865
170	438	73	-58	256	2609
171	438	73	-58	248	2864
170	439	73	-58	262	2861
171	439	73	-58	262	2861
170	434	73	-58	277	2861
170	435	73	-58	288	2603
171	430	72	-58	270	2093
171	429	72	-58	271	2091
171	423	74	-57	263	2097
171	421	74	-57	257	2358
170	414	74	-57	257	2358
171	409	78	-57	275	3634
171	401	80	-57	277	4406
171	396	79	-57	283	4659
171	392	78	-57	293	4918
171	387	77	-57	311	4915
171	379	75	-57	325	5168
170	366	74	-57	327	5421
170	366	73	-55	330	5678
170	364	70	-55	324	6190
170	358	70	-55	313	6192
170	349	69	-55	308	6193
170	346	68	-55	286	5682
170	346	68	-53	286	5682
170	345	68	-53	307	4909
170	345	67	-53	307	4909
170	345	67	-53	319	4654
170	348	67	-53	308	4659
171	345	67	-52	318	4403
171	345	67	-52	307	4411
171	349	67	-52	297	3890
171	350	68	-52	291	3632
171	352	68	-52	282	3119
171	352	68	-51	277	3117
171	358	69	-51	268	2862
171	358	69	-51	271	2605
171	361	70	-51	274	2603
171	361	70	-51	274	2603
171	370	71	-51	272	2604
171	375	72	-51	269	2603
171	383	73	-51	268	2603
171	388	75	-51	283	3114
170	396	77	-51	287	4912
170	402	77	-51	289	4912
170	410	78	-51	289	5169
170	416	78	-51	285	5679
170	422	74	-51	278	5429
170	429	71	-51	266	4653
170	438	71	-53	259	4141
170	442	73	-53	252	3628
170	451	74	-53	246	3374
170	454	74	-53	238	2860
170	457	75	-53	235	3116
171	462	76	-55	240	2856
171	464	77	-55	244	3116
171	468	77	-55	268	2863
171	468	77	-55	269	3376
171	469	78	-55	263	3119
171	472	78	-57	254	2862
172	472	78	-57	256	2349
171	468	78	-57	260	2604
172	469	77	-57	263	3115
172	468	77	-57	243	3379
171	468	77	-59	254	3124
171	469	77	-59	269	3374
171	471	78	-59	273	3376
171	471	78	-59	265	3636
171	472	78	-59	263	3637
172	471	78	-59	274	3378
172	471	78	-60	285	4144
172	471	78	-60	293	4656
172	468	78	-60	297	5425
172	465	77	-60	294	5937
172	462	77	-60	291	6190
172	461	76	-60	288	6193
171	461	76	-60	302	6449
171	458	76	-60	313	5936
171	458	76	-60	321	5937
171	455	76	-60	321	5936
171	453	75	-60	318	6191
171	450	75	-60	297	5677
171	453	75	-60	285	5934
171	457	75	-60	277	5681
170	457	75	-60	291	5427
170	459	75	-60	299	3887
171	459	76	-60	281	3633
171	467	76	-60	274	3115
171	467	77	-60	268	3120
171	468	77	-60	265	3119
171	469	78	-60	274	3119
171	474	78	-60	275	3120
172	475	78	-60	279	2863
172	480	79	-60	284	3373
172	480	79	-60	283	2861
172	478	79	-61	284	3117
172	480	79	-61	271	3382
172	480	79	-61	264	3382
172	484	80	-61	266	2609
172	483	80	-61	264	2351
172	484	80	-63	256	2351
172	486	80	-63	257	2868
172	489	80	-63	269	3120
172	489	81	-63	269	3122
172	490	81	-63	279	4143
172	492	81	-63	282	4912
172	493	81	-63	282	4911
172	492	81	-63	272	5935
171	493	81	-63	274	6192
171	493	81	-63	283	6195
171	495	81	-63	277	6449
171	498	82	-65	277	6194
171	501	82	-65	277	6194
171	505	82	-65	278	5681
171	506	83	-65	277	5426
171	506	84	-65	273	5425
171	506	83	-65	271	4402
171	510	84	-65	274	4657
171	512	84	-65	264	4399
171	517	85	-65	264	4399
171	519	85	-65	248	3889
170	520	85	-65	236	3115
170	520	86	-67	222	4144
170	517	86	-67	211	4144
170	508	85	-67	191	4647
169	506	82	-67	155	5428
169	506	76	-67	135	5435
168	500	62	-69	0	50
169	478	0	-69	0	50
168	470	0	-69	0	50
169	456	0	-69	0	50
169	440	0	-69	0	50
168	429	0	-70	0	50
168	419	70	-70	0	50
169	410	69	-70	292	4659
169	415	68	-70	258	4661
168	419	68	-70	273	4145
168	419	69	-69	284	3635
169	422	69	-69	284	3635
169	423	70	-69	293	3121
169	422	70	-69	293	3122
169	424	70	-69	322	3122
169	427	70	-69	350	3118
169	426	70	-69	354	3117
168	423	70	-69	363	3119
169	420	69	-69	373	2863
169	417	69	-69	377	2862
169	413	69	-68	372	2865
170	412	69	-68	372	2865
170	410	68	-68	367	2866
170	410	68	-68	378	2606
170	411	67	-68	373	2604
170	410	67	-67	362	2861
170	410	67	-67	360	2607
171	410	68	-67	346	2352
171	411	68	-67	343	2351
171	416	68	-67	321	2353
171	419	68	-67	321	2353
171	419	69	-67	317	2354
171	428	70	-67	317	2098
171	430	70	-67	311	2097
171	429	71	-67	295	2356
172	437	71	-67	293	2100
171	439	71	-65	291	2099
171	446	73	-65	285	2099
171	455	74	-65	285	2099
171	459	75	-65	292	2105
171	460	76	-65	303	2868
171	465	77	-65	316	4913
171	469	77	-65	323	4913
172	475	77	-65	330	5682
172	479	78	-65	341	5935
172	484	79	-65	343	6446
172	485	80	-65	346	7215
171	490	80	-65	343	7216
171	493	81	-65	344	7473
172	495	81	-65	337	7473
172	498	82	-65	337	7218
172	497	82	-65	333	7473
172	497	82	-65	323	7472
172	500	82	-65	323	7471
172	500	82	-65	321	7472
172	500	82	-65	334	7473
172	503	82	-67	334	7730
172	506	83	-67	351	7728
172	509	83	-67	347	7473
172	511	83	-67	336	7732
172	513	83	-67	338	6961
172	518	84	-68	342	6961
172	520	85	-68	342	6961
172	523	85	-68	341	5681
172	523	85	-68	331	5681
172	525	86	-68	328	4655
173	525	86	-68	317	4398
173	527	86	-68	314	3888
173	527	86	-68	309	3889
173	527	86	-68	312	3632
173	525	86	-68	306	3634
173	527	86	-69	306	3891
173	531	86	-69	324	4145
173	534	87	-69	331	4658
173	538	87	-69	341	5170
172	538	88	-69	349	5683
172	538	88	-71	359	5939
172	538	88	-71	361	6195
173	538	88	-71	360	6193
172	538	88	-71	360	7220
172	538	88	-71	348	6706
172	536	88	-71	344	6963
172	536	88	-73	338	6702
172	534	88	-73	333	6703
172	534	88	-73	328	6195
172	534	88	-73	340	6194
172	534	88	-73	349	5938
173	534	88	-75	345	5426
173	532	87	-75	341	5169
173	525	87	-75	380	4402
173	525	87	-75	380	4402
173	525	86	-75	354	4143
173	520	86	-75	354	3632
174	520	86	-75	330	3375
174	516	85	-75	309	2865
174	516	85	-75	315	2863
173	515	85	-75	301	3120
173	515	85	-77	279	2863
174	515	85	-77	279	2863
174	520	84	-77	284	3120
174	522	85	-77	281	3122
174	523	85	-77	281	3379
174	523	86	-77	296	3632
174	522	86	-77	311	4658
173	520	86	-77	312	4915
173	518	85	-77	328	5172
173	515	85	-77	328	5681
174	515	84	-77	329	5680
174	511	84	-77	348	6195
174	509	83	-77	348	6195
174	508	83	-77	363	6450
174	506	83	-77	355	6450
174	503	83	-77	352	6194
174	501	83	-79	344	5937
174	503	82	-79	336	5424
173	501	82	-79	328	4655
174	503	82	-79	316	4141
173	504	83	-79	315	3629
174	503	83	-81	308	3633
173	501	83	-81	304	3630
173	501	82	-81	297	3374
173	501	82	-81	285	3374
173	500	82	-81	279	3379
174	498	82	-81	284	3377
173	496	81	-81	279	3122
173	491	81	-81	287	3121
173	490	81	-81	291	3378
174	483	80	-81	287	3125
174	483	80	-81	284	3124
174	482	79	-81	282	3121
173	479	79	-81	277	2867
174	479	79	-81	280	2865
174	482	79	-81	280	2608
174	482	79	-81	273	3125
174	485	79	-81	271	3638
174	485	79	-81	268	3638
174	480	79	-81	277	4658
174	476	79	-81	268	4148
174	471	78	-81	252	3637
174	470	78	-81	243	4148
174	467	77	-81	230	3891
173	466	77	-81	234	3631
174	457	75	-81	234	3634
174	457	51	-83	242	3634
174	448	51	-83	0	50
174	448	47	-83	0	50
174	464	61	-83	159	2619
174	470	69	-83	212	3373
174	482	73	-83	242	3385
174	482	76	-83	276	3132
175	482	77	-83	290	3134
175	486	80	-83	301	3126
175	488	80	-83	312	3384
175	496	80	-83	317	3130
176	501	82	-85	328	2871
176	504	82	-85	333	3128
176	509	83	-85	326	3123
176	511	84	-85	330	2866
176	513	84	-87	351	3890
176	511	84	-87	389	5168
176	511	84	-87	397	5681
176	511	84	-87	390	6705
176	511	84	-87	385	6961
176	511	84	-87	371	6960
176	511	84	-89	381	7218
176	509	84	-89	385	7473
176	506	84	-89	387	6962
176	507	83	-89	373	6193
177	509	84	-89	371	5171
177	509	84	-88	395	4405
177	509	84	-88	416	4405
177	514	84	-88	423	4151
177	511	84	-88	419	4150
177	509	84	-88	445	4407
178	509	84	-88	445	4158
177	511	84	-88	431	4157
178	502	84	-88	407	4151
178	504	83	-88	413	3888
178	502	83	-88	397	3627
177	498	82	-88	396	3885
178	498	82	-88	397	3634
178	491	81	-88	380	3890
178	490	81	-88	377	3628
178	493	81	-88	382	3632
178	490	81	-88	392	3629
178	477	81	-88	379	3376
178	469	72	-88	366	3377
178	459	72	-88	366	3377
178	444	0	-88	0	50
177	427	0	-88	0	50
177	416	0	-88	0	50
176	407	0	-88	0	50
176	396	0	-88	0	50
175	382	0	-88	0	50
175	363	0	-88	0	50
174	353	0	-88	0	50
173	341	0	-88	0	50
173	335	0	-88	0	50
172	335	0	-88	0	50
171	329	0	-88	0	50
170	324	0	-88	0	50
169	315	0	-88	0	50
169	310	0	-88	0	50
168	304	0	-88	0	50
167	300	0	-88	0	50
166	295	0	-88	0	50
166	290	0	-88	0	50
165	289	0	-88	0	50
163	281	0	-88	0	50
163	281	0	-88	0	50
162	278	0	-88	0	50
161	275	0	-88	0	50
161	272	0	-88	0	50
159	270	0	-88	0	50
159	264	0	-88	0	50
158	264	0	-88	0	50
158	257	0	-88	0	50
158	255	0	-88	0	50
157	255	0	-88	0	50
157	254	42	-88	6	56
157	255	43	-86	42	5166
157	251	45	-86	42	5166
156	247	0	-86	0	50
155	244	0	-86	0	50
154	241	0	-86	0	50
154	237	0	-86	0	50
154	237	0	-86	0	50
153	237	49	-86	11	37
153	238	49	-86	11	37
153	240	50	-86	62	3374
152	241	50	-86	65	3632
153	242	50	-86	67	3634
153	244	51	-86	74	4145
152	244	51	-86	80	4658
152	248	51	-86	80	4658
152	249	52	-86	85	4914
153	249	52	-86	86	4659
151	251	52	-86	85	4399
152	253	52	-86	89	3886
152	258	53	-86	85	4662
151	258	54	-86	88	4404
150	259	54	-86	88	4404
150	261	54	-86	92	4658
149	261	54	-86	87	4401
149	261	54	-86	86	4657
148	261	55	-87	88	4915
148	261	55	-87	85	4401
147	261	55	-87	82	4657
146	261	55	-87	76	4658
146	262	55	-87	71	4149
146	262	55	-87	78	4146
145	262	55	-87	76	4146
145	263	55	-87	76	4146
145	263	55	-87	84	3887
145	262	55	-87	86	4144
145	261	55	-87	89	3890
144	261	55	-87	84	3634
144	261	54	-87	80	3634
144	260	54	-87	83	3634
144	260	54	-87	78	3633
143	259	54	-87	78	3378
142	260	54	-87	80	3378
142	259	54	-87	80	3889
141	258	54	-87	80	3889
141	258	54	-87	81	3888
141	256	54	-87	86	4401
141	255	54	-87	84	4145
139	255	53	-87	86	4659
139	254	53	-87	84	4403
139	253	53	-87	81	4404
138	253	53	-87	85	4147
139	254	53	-87	84	3891
138	255	53	-87	84	3891
138	254	53	-87	83	4145
138	255	53	-87	84	3889
138	254	53	-87	87	4145
139	252	47	-87	83	3632
138	249	0	-87	0	50
137	245	0	-87	0	50
137	242	0	-87	0	50
136	237	0	-87	0	50
136	235	0	-87	0	50
136	233	0	-87	0	50
135	229	0	-87	0	50
134	222	0	-87	0	50
133	222	0	-88	0	50
133	220	0	-88	0	50
131	216	0	-88	0	50
131	216	0	-88	0	50
131	218	45	-88	24	46
131	222	46	-88	79	3634
130	222	46	-88	79	3634
131	224	46	-88	83	3634
131	226	47	-88	86	3636
132	227	47	-88	79	3378
132	229	47	-88	77	3636
132	229	48	-88	77	3636
132	229	48	-88	73	3638
131	230	48	-88	71	3637
131	230	48	-88	71	3891
131	230	48	-88	73	3378
131	229	48	-88	73	3378
130	230	48	-88	71	3633
130	231	48	-88	69	3378
130	232	48	-88	68	3632
130	234	48	-88	70	3890
130	237	49	-88	70	3890
131	239	49	-88	70	3634
131	240	50	-88	76	3891
130	241	50	-88	76	3637
129	243	50	-88	74	3636
129	244	50	-88	74	3636
129	247	51	-88	78	4404
128	248	51	-88	78	4404
128	250	52	-88	76	4402
129	249	49	-88	72	4404
128	247	0	-88	0	50
128	246	0	-88	0	50
127	244	0	-88	0	50
126	243	0	-88	0	50
125	243	0	-89	0	50
124	243	0	-89	0	50
123	244	0	-89	0	50
122	243	0	-89	0	50
122	243	0	-89	0	50
122	243	0	-89	0	50
121	243	0	-89	0	50
121	243	0	-89	0	50
120	248	0	-89	0	50
120	250	0	-89	0	50
121	250	52	-90	14	49
121	252	53	-90	87	5427
121	254	53	-90	77	4660
120	263	53	-90	69	4405
122	266	55	-90	69	4405
123	252	56	-90	67	4150
123	242	56	-90	64	4149
123	239	54	-90	64	4149
123	243	51	-90	72	4151
122	241	47	-90	67	3632
123	241	0	-91	0	50
123	233	0	-91	0	50
123	232	0	-91	0	50
123	230	0	-91	0	50
122	230	0	-91	0	50
122	229	0	-91	0	50
122	227	0	-91	0	50
121	226	0	-91	0	50
121	226	0	-91	0	50
120	226	0	-91	0	50
120	226	0	-91	0	50
119	225	0	-91	0	50
119	223	0	-91	0	50
118	222	0	-91	0	50
117	221	0	-91	0	50
118	221	0	-92	0	50
117	219	0	-92	0	50
116	220	0	-92	0	50
116	219	0	-92	0	50
116	217	0	-92	0	50
117	205	0	-92	0	50
117	183	0	-92	0	50
117	106	0	-92	0	50
117	103	0	-92	0	50
117	101	0	-92	0	50
118	85	0	-92	0	50
118	88	0	-92	0	50
117	69	0	-92	0	50
117	69	0	-92	0	50
117	47	0	-92	0	50
117	47	0	-92	0	50
118	47	0	-92	0	50
117	47	0	-92	0	50
116	47	0	-92	0	50
115	0	0	-92	0	50
116	0	0	-92	0	50
115	0	0	-92	0	50
115	0	0	-92	0	50
114	0	0	-92	0	50
114	0	0	-92	0	50
114	0	0	-92	0	50
111	0	0	-92	0	50
110	0	0	-92	0	50
112	0	0	-92	0	50
112	0	0	-92	0	50
112	0	0	-92	0	50
112	0	0	-92	0	50
111	0	0	-92	0	50
111	0	0	-92	0	50
110	0	0	-92	0	50
110	0	0	-92	0	50
110	0	0	-92	0	50
109	0	0	-92	0	50
109	0	0	-92	0	50
110	0	0	-92	0	50
109	0	0	-92	0	50
109	0	0	-92	0	50
108	0	0	-92	0	50
108	0	0	-92	0	50
108	0	0	-92	0	50
108	0	0	-92	0	50
107	0	0	-92	0	50
107	0	0	-92	0	50
105	0	0	-92	0	50
105	0	0	-92	0	50
105	0	0	-92	0	50
106	0	0	-92	0	50
108	0	0	-92	0	50
108	0	0	-92	0	50
108	0	0	-92	0	50
108	0	0	-92	0	50
108	0	0	-92	0	50
108	0	0	-92	0	50
109	0	0	-92	0	50
108	0	0	-92	0	50
110	0	0	-92	0	50
109	0	0	-92	0	50
109	0	0	-92	0	50
108	0	0	-92	0	50
109	0	0	-92	0	50
107	0	0	-92	0	50
108	0	0	-92	0	50
108	0	0	-92	0	50
107	0	0	-92	0	50
106	0	0	-92	0	50
106	0	0	-92	0	50
105	0	0	-92	0	50
105	0	0	-92	0	50
106	0	0	-92	0	50
107	0	0	-92	0	50
106	0	0	-92	0	50
105	0	0	-92	0	50
106	0	0	-92	0	50
107	0	0	-92	0	50
106	0	0	-92	0	50
106	0	0	-92	0	50
106	0	0	-92	0	50
105	0	0	-92	0	50
105	0	0	-92	0	50
105	0	0	-92	0	50
104	0	0	-92	0	50
105	0	0	-92	0	50
104	0	0	-92	0	50
105	0	0	-92	0	50
103	0	0	-92	0	50
104	0	0	-92	0	50
102	0	0	-92	0	50
101	0	0	-92	0	50
102	0	0	-92	0	50
102	0	0	-92	0	50
104	0	0	-92	0	50
106	0	0	-92	0	50
106	0	0	-92	0	50
107	0	0	-92	0	50
107	0	0	-92	0	50
106	0	0	-92	0	50
106	0	0	-92	0	50
105	0	0	-92	0	50
105	0	0	-92	0	50
105	0	0	-92	0	50
106	0	0	-92	0	50
107	0	0	-92	0	50
107	0	0	-92	0	50
107	0	0	-92	0	50
108	0	0	-92	0	50
110	0	0	-92	0	50
110	0	0	-92	0	50
110	50	0	-92	0	50
110	65	0	-92	0	50
110	72	0	-92	0	50
111	72	0	-92	0	50
112	89	0	-92	0	50
112	95	0	-92	0	50
114	106	0	-92	0	50
114	123	0	-92	0	50
115	141	0	-92	0	50
116	145	0	-92	0	50
117	145	0	-92	0	50
117	158	32	-92	86	1092
117	166	32	-92	89	1083
117	178	33	-92	89	1083
118	184	35	-92	97	1335
117	193	39	-92	97	1335
117	198	39	-92	97	1334
117	206	41	-92	103	1590
117	212	43	-92	103	1590
116	217	44	-92	113	1331
117	222	44	-92	113	1331
116	225	47	-92	98	1588
116	229	47	-92	98	1588
117	234	48	-93	92	1840
116	244	49	-93	98	2354
117	249	51	-93	98	2608
117	253	53	-93	99	2864
117	255	53	-93	106	3123
117	258	53	-94	110	3120
117	259	53	-94	110	3120
117	262	54	-94	105	3379
117	261	55	-94	106	3379
117	258	55	-94	112	3378
117	255	54	-94	119	4145
117	249	54	-94	115	3888
118	246	53	-94	108	3381
118	243	52	-94	108	3381
118	242	51	-94	129	3113
118	243	51	-94	129	3113
119	248	51	-94	130	3363
120	248	52	-94	123	3114
121	250	52	-94	123	3373
120	253	52	-94	125	3628
120	255	53	-94	125	3627
120	257	54	-94	122	3629
120	257	54	-94	110	3635
121	258	54	-94	110	3635
121	258	54	-94	102	3636
121	259	54	-93	103	3380
121	261	54	-93	103	3380
122	266	55	-93	106	3634
122	266	56	-93	116	3120
122	269	56	-93	109	3119
122	270	56	-93	105	3636
123	269	57	-93	111	3379
122	270	57	-93	111	3379
123	269	57	-93	119	3632
122	271	57	-93	121	3630
122	272	57	-93	120	3629
122	272	57	-93	120	3629
122	271	57	-93	127	3628
122	272	57	-93	142	3628
123	272	57	-93	151	3370
124	273	57	-93	148	3628
124	274	57	-93	134	3628
124	272	57	-93	143	3885
123	273	57	-93	146	3886
124	273	57	-93	140	3891
124	273	57	-93	143	4144
124	272	57	-93	142	3890
124	272	57	-93	148	3888
123	271	57	-93	137	3887
124	271	57	-93	139	3888
123	271	57	-93	151	3887
124	272	57	-93	160	3631
123	273	57	-93	146	3908
124	273	57	-93	156	3639
124	274	57	-93	160	3892
124	274	58	-93	150	3376
124	275	58	-93	150	3630
124	276	58	-93	150	3630
124	277	58	-93	147	3632
125	280	58	-93	147	4143
124	282	59	-93	150	4142
124	285	59	-93	150	4142
124	285	60	-93	144	4143
123	287	60	-93	144	4143
122	291	61	-93	133	5171
122	295	61	-93	130	5425
120	297	62	-93	135	5427
121	299	62	-93	134	5169
122	302	63	-93	126	5427
123	305	63	-93	127	5428
123	308	64	-94	134	6194
123	306	64	-94	125	6192
123	305	64	-94	125	6192
122	306	64	-94	123	5941
123	305	64	-94	126	5938
123	304	64	-94	130	5937
123	305	64	-94	132	6449
122	304	64	-94	132	6194
122	304	64	-94	133	5424
122	304	64	-94	131	4398
122	303	64	-95	131	4401
121	300	63	-95	134	4145
122	300	63	-95	135	4145
122	292	50	-95	143	5424
121	293	41	-95	143	5424
122	293	52	-96	143	5424
122	296	57	-96	142	4910
121	291	60	-96	133	4912
122	285	0	-96	0	50
121	281	0	-96	0	50
121	276	0	-96	0	50
119	272	0	-96	0	50
119	255	0	-96	0	50
117	245	0	-96	0	50
117	230	0	-96	0	50
116	221	0	-96	0	50
115	215	0	-96	0	50
115	213	0	-96	0	50
114	203	0	-96	0	50
114	197	0	-96	0	50
114	202	0	-96	0	50
114	209	0	-96	0	50
115	211	43	-96	45	60
116	216	44	-96	143	1080
117	218	45	-96	139	1592
117	226	46	-96	148	1334
119	233	46	-96	148	1334
119	235	48	-96	163	1588
119	236	49	-96	172	1590
118	237	49	-96	154	1587
119	234	49	-96	154	1587
118	230	0	-96	0	50
118	223	0	-96	0	50
117	198	0	-96	0	50
117	192	0	-96	0	50
116	186	0	-96	0	50
115	166	0	-96	0	50
115	153	0	-96	0	50
114	141	0	-96	0	50
113	121	0	-96	0	50
113	90	0	-95	0	50
112	64	0	-95	0	50
112	64	0	-95	0	50
111	64	0	-95	0	50
112	0	0	-95	0	50
111	0	0	-95	0	50
113	0	0	-95	0	50
114	0	0	-95	0	50
114	0	0	-95	0	50
113	0	0	-95	0	50
113	0	0	-95	0	50
114	0	0	-95	0	50
114	0	0	-95	0	50
114	0	0	-95	0	50
114	0	0	-95	0	50
114	0	0	-95	0	50
114	0	0	-95	0	50
113	0	0	-95	0	50
112	0	0	-95	0	50
112	0	0	-95	0	50
112	0	0	-95	0	50
112	0	0	-95	0	50
112	0	0	-95	0	50
112	0	0	-95	0	50
112	0	0	-95	0	50
112	0	0	-95	0	50
111	0	0	-95	0	50
111	0	0	-95	0	50
110	0	0	-95	0	50
110	0	0	-95	0	50
110	0	0	-95	0	50
110	0	0	-95	0	50
110	0	0	-95	0	50
111	0	0	-95	0	50
111	0	0	-95	0	50
111	0	0	-95	0	50
112	0	0	-95	0	50
111	0	0	-95	0	50
110	0	0	-95	0	50
110	0	0	-95	0	50
110	0	0	-95	0	50
109	0	0	-95	0	50
109	0	0	-95	0	50
109	0	0	-95	0	50
109	0	0	-95	0	50
110	0	0	-95	0	50
110	0	0	-95	0	50
110	0	0	-95	0	50
110	0	0	-95	0	50
110	0	0	-95	0	50
110	0	0	-95	0	50
110	0	0	-95	0	50
109	0	0	-95	0	50
108	0	0	-95	0	50
107	0	0	-95	0	50
108	0	0	-95	0	50
108	0	0	-95	0	50
108	0	0	-95	0	50
108	0	0	-95	0	50
108	0	0	-95	0	50
108	0	0	-95	0	50
108	0	0	-95	0	50
107	0	0	-95	0	50
104	0	0	-95	0	50
104	0	0	-95	0	50
103	0	0	-95	0	50
103	0	0	-95	0	50
102	0	0	-95	0	50
105	0	0	-95	0	50
104	0	0	-95	0	50
104	0	0	-95	0	50
104	0	0	-95	0	50
104	0	0	-95	0	50
103	0	0	-95	0	50
104	0	0	-95	0	50
103	0	0	-95	0	50
102	0	0	-95	0	50
103	0	0	-95	0	50
101	0	0	-95	0	50
101	0	0	-95	0	50
101	0	0	-95	0	50
102	0	0	-95	0	50
102	0	0	-95	0	50
102	0	0	-95	0	50
100	0	0	-95	0	50
100	0	0	-95	0	50
100	0	0	-95	0	50
99	0	0	-95	0	50
101	0	0	-95	0	50
100	0	0	-95	0	50
102	0	0	-96	0	50
101	0	0	-96	0	50
102	0	0	-96	0	50
103	0	0	-96	0	50
101	0	0	-96	0	50
99	0	0	-96	0	50
95	0	0	-96	0	50
97	0	0	-96	0	50
95	0	0	-96	0	50
99	0	0	-96	0	50
101	0	0	-96	0	50
101	0	0	-96	0	50
103	0	0	-96	0	50
104	0	0	-96	0	50
106	0	0	-96	0	50
106	0	0	-96	0	50
106	0	0	-96	0	50
105	0	0	-96	0	50
104	0	0	-96	0	50
101	0	0	-96	0	50
100	0	0	-96	0	50
100	0	0	-96	0	50
100	0	0	-96	0	50
100	0	0	-96	0	50
101	0	0	-96	0	50
101	0	0	-96	0	50
101	0	0	-96	0	50
101	0	0	-96	0	50
98	0	0	-96	0	50
97	0	0	-96	0	50
95	0	0	-96	0	50
94	0	0	-96	0	50
93	0	0	-96	0	50
94	0	0	-96	0	50
95	0	0	-96	0	50
96	0	0	-96	0	50
96	0	0	-96	0	50
97	0	0	-96	0	50
96	0	0	-96	0	50
94	0	0	-96	0	50
92	0	0	-96	0	50
87	0	0	-96	0	50
88	0	0	-96	0	50
89	0	0	-96	0	50
92	0	0	-96	0	50
93	0	0	-96	0	50
94	0	0	-96	0	50
94	0	0	-96	0	50
94	0	0	-96	0	50
93	0	0	-96	0	50
91	0	0	-96	0	50
87	0	0	-96	0	50
86	0	0	-96	0	50
87	0	0	-96	0	50
87	0	0	-96	0	50
90	0	0	-96	0	50
91	0	0	-96	0	50
94	0	0	-96	0	50
95	0	0	-96	0	50
96	0	0	-96	0	50
95	0	0	-96	0	50
94	0	0	-96	0	50
94	0	0	-96	0	50
94	0	0	-96	0	50
98	0	0	-96	0	50
99	0	0	-96	0	50
99	0	0	-96	0	50
101	0	0	-96	0	50
102	0	0	-96	0	50
102	0	0	-96	0	50
102	0	0	-96	0	50
101	0	0	-96	0	50
96	0	0	-96	0	50
95	0	0	-96	0	50
93	0	0	-96	0	50
92	0	0	-96	0	50
91	0	0	-96	0	50
93	0	0	-96	0	50
94	0	0	-96	0	50
96	0	0	-96	0	50
100	0	0	-96	0	50
100	0	0	-96	0	50
102	0	0	-96	0	50
102	0	0	-96	0	50
103	0	0	-96	0	50
102	0	0	-96	0	50
102	0	0	-96	0	50
101	0	0	-96	0	50
96	0	0	-96	0	50
96	0	0	-96	0	50
96	0	0	-96	0	50
96	0	0	-96	0	50
97	0	0	-96	0	50
99	0	0	-96	0	50
100	0	0	-96	0	50
100	0	0	-96	0	50
102	0	0	-96	0	50
101	0	0	-96	0	50
101	0	0	-96	0	50
101	0	0	-96	0	50
101	0	0	-96	0	50
101	0	0	-96	0	50
102	0	0	-96	0	50
104	0	0	-96	0	50
105	0	0	-96	0	50
105	0	0	-96	0	50
104	0	0	-96	0	50
105	0	0	-96	0	50
105	0	0	-96	0	50
105	0	0	-96	0	50
106	0	0	-96	0	50
104	0	0	-96	0	50
103	0	0	-96	0	50
101	0	0	-96	0	50
101	0	0	-96	0	50
99	0	0	-96	0	50
100	0	0	-96	0	50
99	0	0	-96	0	50
98	0	0	-96	0	50
97	0	0	-96	0	50
96	0	0	-96	0	50
97	0	0	-96	0	50
98	0	0	-96	0	50
99	0	0	-96	0	50
100	0	0	-96	0	50
100	0	0	-96	0	50
102	0	0	-95	0	50
101	0	0	-95	0	50
101	0	0	-95	0	50
100	0	0	-95	0	50
100	0	0	-95	0	50
101	0	0	-95	0	50
102	0	0	-95	0	50
102	0	0	-95	0	50
101	0	0	-95	0	50
102	0	0	-95	0	50
103	0	0	-95	0	50
104	0	0	-95	0	50
105	0	0	-95	0	50
105	0	0	-95	0	50
104	0	0	-95	0	50
104	0	0	-95	0	50
103	0	0	-95	0	50
102	0	0	-95	0	50
101	0	0	-95	0	50
101	0	0	-95	0	50
101	0	0	-95	0	50
102	0	0	-95	0	50
102	0	0	-95	0	50
102	0	0	-95	0	50
103	0	0	-95	0	50
104	0	0	-96	0	50
105	0	0	-96	0	50
104	0	0	-96	0	50
103	0	0	-96	0	50
102	0	0	-96	0	50
102	0	0	-96	0	50
101	0	0	-96	0	50
102	0	0	-96	0	50
102	0	0	-96	0	50
102	0	0	-96	0	50
103	0	0	-96	0	50
103	0	0	-96	0	50
103	0	0	-96	0	50
102	0	0	-96	0	50
102	0	0	-96	0	50
102	0	0	-96	0	50
102	0	0	-96	0	50
102	0	0	-96	0	50
102	0	0	-96	0	50
103	0	0	-96	0	50
103	0	0	-96	0	50
103	0	0	-96	0	50
104	0	0	-96	0	50
104	0	0	-96	0	50
103	0	0	-96	0	50
104	0	0	-96	0	50
104	0	0	-96	0	50
