[Params]
Version=106
Monitor=34
SMode=111111100
Date=20160222
StartTime=16:18:18.0
Length=00:47:47.4
Interval=1
Upper1=0
Lower1=0
Upper2=0
Lower2=0
Upper3=180
Lower3=170
Timer1=00:00:00.0
Timer2=00:00:00.0
Timer3=00:00:00.0
ActiveLimit=0
MaxHR=195
RestHR=46
StartDelay=0
VO2max=48
Weight=66

[Note]

[IntTimes]
00:10:00.0	126	73	129	156
0	0	0	221	0	6
0	0	0	0	0
33554432	2456	0	0	0	0
500	0	0	0	0	0
00:47:47.4	108	73	135	176
0	0	0	92	116	7
0	0	0	0	0
0	10185	0	70	0	0
0	0	0	0	0	0

[IntNotes]
1	
2	

[ExtraData]

[LapNames]
1	4	
2	1	Warm-up   

[Summary-123]
2867	0	2867	0	0	0
195	0	0	46
2867	0	2867	0	0	0
195	0	0	46
0	0	0	0	0	0
195	0	0	46
0	2867

[Summary-TH]
2867	0	0	91	2776	0
195	180	170	46
0	2867

[HRZones]
190
175
162
152
143
133
0
0
0
0
0

[SwapTimes]

[Trip]
164
0
2867
6
7
211
559
767

[HRData]
73	37	0	6	0	50
73	37	0	6	0	50
73	118	0	6	0	50
78	150	0	6	0	50
80	168	66	6	2	50
85	176	66	6	109	41
87	178	79	6	163	6967
90	186	82	6	162	6455
92	187	82	6	162	6455
93	188	86	6	169	6200
93	188	87	6	174	6197
94	188	88	6	176	5685
92	188	87	6	175	5428
94	190	88	6	175	5684
95	192	90	6	178	6197
95	193	90	6	170	5686
96	193	90	6	177	6708
98	194	90	6	175	6710
98	194	90	6	179	6455
100	192	90	6	179	6453
100	192	89	6	177	6197
100	192	89	6	177	6198
103	193	89	6	177	6198
103	191	90	6	174	6707
104	188	89	6	176	6962
106	192	88	6	175	6963
106	194	87	6	171	6704
108	195	89	6	168	6706
109	197	90	6	171	6707
111	196	91	6	168	6706
111	197	91	6	170	6963
112	195	91	6	171	7219
112	195	91	6	170	6707
112	193	91	6	174	6964
114	195	90	6	174	6709
114	195	91	6	169	6452
115	194	90	6	170	5684
114	195	90	6	167	5942
115	194	91	6	164	5940
114	193	90	6	165	5941
114	192	90	6	163	6196
113	191	90	6	166	6197
113	191	89	6	166	6452
113	189	89	6	159	6196
112	187	88	6	159	6193
112	187	86	6	161	6192
112	190	88	6	161	5937
112	188	88	6	158	6191
111	189	88	6	160	6191
112	189	88	6	156	6705
111	190	89	6	157	7218
113	192	89	6	162	6962
114	190	89	6	163	6707
113	190	89	6	163	6707
115	189	88	6	161	6709
114	188	88	6	159	5942
116	189	88	6	153	5944
116	188	88	6	151	5945
117	187	87	6	150	5941
118	187	86	6	150	5682
118	186	87	6	144	5682
117	187	88	6	146	5427
118	187	87	6	155	4660
117	185	86	6	157	5685
117	186	86	6	156	6194
116	185	86	6	156	6194
115	184	86	6	155	6195
116	181	86	6	154	6195
115	180	85	6	151	6449
115	180	84	6	152	6706
114	182	83	6	153	6707
114	182	84	6	150	6451
114	184	85	6	150	6707
115	182	85	6	152	6454
114	181	84	6	153	6963
115	179	84	6	151	6452
115	180	84	6	147	5941
114	180	83	6	147	6707
113	183	83	6	149	6962
113	183	84	6	146	6963
113	186	85	6	149	6198
113	187	87	6	148	5683
113	188	87	6	153	5430
113	189	87	6	151	5428
114	190	88	6	154	4920
113	191	89	6	157	4920
113	191	89	6	156	4662
113	190	89	6	158	4919
112	191	89	6	155	5428
111	191	88	6	158	5429
111	195	91	6	156	5428
110	193	91	6	158	5430
108	191	90	6	162	5429
109	192	89	6	157	5941
111	190	89	6	157	5941
113	190	89	6	157	5943
113	191	89	6	157	5943
114	191	89	6	157	5937
113	191	89	6	159	6197
112	191	89	6	160	6197
111	190	89	6	155	6196
111	191	89	6	156	6196
111	191	89	6	153	6705
112	192	90	6	153	6450
110	193	89	6	156	6451
111	191	89	6	156	6451
111	191	89	6	156	6451
112	190	88	6	157	6195
111	192	88	6	157	6195
112	192	88	6	157	6195
111	190	89	6	158	5940
110	192	89	6	156	5682
108	192	89	6	154	5427
107	193	89	6	160	5426
110	192	90	6	158	5427
111	191	89	6	160	5172
112	191	89	6	162	5428
112	192	88	7	158	5170
112	193	89	7	160	4914
111	194	91	7	160	5427
110	197	90	7	162	5173
111	201	91	7	163	5171
110	204	92	7	163	4914
110	211	89	7	167	5427
108	211	89	7	163	5430
110	212	90	7	167	5175
111	213	90	7	180	6198
111	216	91	7	184	6708
111	214	92	7	187	6963
112	214	92	7	183	7218
114	215	91	7	188	7730
114	215	91	7	195	7475
114	214	91	7	199	7732
115	214	91	7	198	7985
116	215	91	7	201	7730
115	212	90	7	195	8241
114	215	90	7	190	8241
114	214	91	7	190	6961
112	213	91	7	190	6961
112	212	90	7	192	6962
112	213	91	7	190	6450
113	214	91	7	182	6449
113	213	91	7	182	6449
114	214	91	7	177	7219
115	212	90	7	177	7219
115	212	90	7	187	7476
116	212	90	7	186	7475
115	210	89	7	187	7732
115	211	90	7	181	7730
114	212	90	7	175	7477
113	213	90	7	185	7220
112	213	91	7	186	7475
113	214	91	7	186	7475
113	213	91	7	185	7219
113	215	90	7	187	7220
113	214	90	7	187	7220
114	214	91	7	179	6196
115	213	90	7	176	6966
113	216	90	7	179	6966
113	218	91	7	181	7220
114	217	93	7	181	7221
115	218	92	7	187	6707
116	218	93	7	189	6452
116	216	92	7	191	6707
115	216	92	7	184	6962
117	216	92	7	186	7474
116	217	91	7	187	7473
117	217	92	7	187	6706
118	218	92	7	188	6961
119	217	93	7	188	6706
117	217	92	7	191	6964
118	216	92	7	184	6711
118	217	92	7	185	6452
119	215	92	7	183	6452
119	216	91	7	186	6965
120	218	91	7	185	6707
119	218	93	7	187	6453
118	220	94	6	185	6455
119	221	94	6	191	6450
118	221	94	6	195	7217
118	221	94	6	196	7217
118	222	94	6	197	7219
118	231	92	6	196	6452
119	235	91	6	196	6452
119	236	91	6	210	5941
118	237	92	6	217	6196
119	239	92	6	217	6196
120	238	92	6	220	6453
120	240	93	6	215	6961
121	240	93	6	220	7218
121	239	92	6	218	7220
122	238	92	6	221	7732
122	238	92	6	220	7732
122	237	91	6	221	8245
123	236	91	6	217	7987
122	235	91	6	217	7987
122	236	91	6	218	7988
121	235	91	6	218	7733
120	234	91	6	219	7222
120	233	91	6	219	7221
119	234	90	6	216	6711
118	235	90	6	213	6198
120	235	90	6	213	5687
119	235	91	6	211	5943
120	236	91	6	215	5942
120	237	91	6	211	5686
121	236	91	6	207	6197
121	235	91	6	209	6451
122	235	91	6	208	6195
123	236	90	6	208	5934
123	236	91	6	211	6450
123	236	91	6	212	6707
123	236	91	6	212	6455
123	236	91	6	209	6454
124	236	91	6	210	6453
123	234	91	6	209	6709
123	232	90	6	212	7220
122	233	90	6	206	6964
121	235	90	6	205	6709
122	235	91	6	205	6455
121	234	91	6	212	6194
122	233	90	6	208	5684
122	234	91	6	215	5687
123	233	90	6	209	5687
124	234	90	6	209	5688
125	234	90	6	208	5941
123	238	91	6	204	5941
123	238	91	6	204	6453
122	238	92	6	205	6199
123	238	92	6	208	6708
122	237	92	6	208	6708
124	237	91	6	213	5944
123	238	92	6	210	6455
125	237	92	6	207	6453
125	236	91	6	209	6709
126	235	91	6	207	6452
126	236	91	6	209	6453
125	236	91	6	208	6199
125	239	91	6	208	6199
124	241	92	6	207	5940
125	243	93	6	206	5683
125	246	94	6	217	6192
125	251	95	6	216	6194
125	254	92	6	216	6450
125	257	90	6	221	5688
126	255	88	6	229	6198
126	252	88	6	234	6453
127	252	88	6	235	6707
127	251	87	6	241	6710
129	249	87	6	236	6198
130	251	86	6	233	5942
129	251	87	6	228	5941
130	253	87	6	226	5939
130	255	88	6	225	5684
132	258	88	6	229	5684
131	258	89	6	230	5939
132	258	89	6	239	5940
131	255	89	6	233	5939
132	255	88	6	234	6195
133	257	88	6	236	6707
132	257	89	6	236	6451
133	256	88	6	235	6451
132	256	88	6	234	6451
132	255	88	6	232	6197
131	256	88	6	232	5686
131	253	88	6	230	5684
130	252	88	6	234	6193
130	252	87	6	231	6193
130	252	87	6	230	6452
129	251	87	6	233	6708
130	251	86	6	233	6708
129	253	87	6	235	6453
130	255	88	6	235	5937
129	254	87	6	235	5938
130	253	87	6	230	6195
130	255	88	6	230	6195
131	254	88	6	228	5941
130	256	88	6	232	5170
130	257	88	6	234	5426
130	254	88	6	229	5172
130	252	87	6	230	5170
131	252	87	6	232	5427
131	251	87	6	232	5427
131	250	86	6	230	5173
132	249	86	6	222	5176
133	250	87	6	220	5175
132	251	86	6	220	5172
133	253	88	6	222	5427
133	251	87	6	224	5170
133	252	87	6	227	4919
133	252	87	6	226	5172
133	250	87	6	233	5173
134	252	86	6	231	5172
134	251	87	6	228	4916
134	249	87	6	226	4917
134	253	86	6	224	5170
135	253	87	6	221	5172
135	255	88	6	225	5173
134	254	88	6	226	5685
134	253	88	6	229	5940
134	262	88	6	231	5687
134	261	89	6	232	5942
135	267	89	6	237	5685
134	267	87	6	230	5942
135	268	87	6	232	6199
135	267	87	6	238	5940
135	265	87	6	239	5940
135	267	87	6	239	6196
136	268	87	6	239	6195
135	270	88	6	238	5938
136	271	88	6	243	5938
136	270	88	6	248	6198
136	270	87	6	248	6708
136	268	87	6	248	6708
136	266	87	6	248	6193
136	267	87	6	248	5427
136	269	87	6	240	5426
136	270	88	6	239	5938
136	269	88	6	241	5428
136	269	87	6	245	5426
137	269	87	6	245	5683
137	268	87	6	246	5686
138	270	88	6	246	5684
137	268	88	6	246	5167
137	270	87	6	246	5166
138	270	87	6	246	5166
137	269	88	6	246	4916
138	272	88	6	247	4919
138	272	88	6	249	5171
138	272	89	6	251	5427
138	268	88	6	252	6196
138	271	86	6	249	6451
138	270	87	6	247	6963
139	270	86	6	244	6709
139	270	86	6	240	6197
139	268	86	6	239	5686
140	267	86	6	238	5429
141	266	85	6	232	5429
140	267	86	6	233	5685
142	265	85	6	233	5173
141	265	85	6	236	5173
141	262	85	6	230	5428
140	268	84	6	231	4915
141	270	85	6	225	4916
140	268	86	6	234	5939
141	267	86	6	234	5941
141	268	86	6	237	5939
141	266	86	6	239	6196
142	267	85	6	234	5942
142	269	85	6	236	6197
142	269	86	6	240	6451
142	267	86	6	241	5420
141	268	86	6	238	5168
142	268	86	6	238	4916
141	268	86	6	235	5684
142	269	86	6	236	5940
141	270	86	6	236	5940
141	271	87	6	235	6195
141	274	88	6	239	6708
141	276	88	6	238	6707
140	281	90	6	238	6707
141	283	90	6	243	5936
140	285	89	6	246	5939
141	287	88	6	249	6197
141	287	86	6	252	5945
141	287	86	6	250	6197
142	288	86	6	245	6705
141	288	87	6	247	7217
142	288	87	6	247	7217
141	289	87	6	244	7475
142	290	87	6	241	7474
142	289	87	6	241	6455
143	288	86	6	248	5945
143	290	87	6	250	5945
145	291	87	6	251	6199
143	292	87	6	256	5939
143	294	88	6	255	5939
143	294	88	6	256	6197
144	292	88	6	265	6451
143	292	88	6	264	6708
144	290	88	6	263	6452
144	289	87	6	267	6195
144	289	87	6	260	6192
144	288	87	6	258	6451
145	287	87	6	258	6453
145	288	86	6	258	6451
145	291	87	6	256	6708
145	292	87	6	256	7216
145	290	87	6	255	7218
145	292	87	6	262	6962
146	293	87	6	261	6963
145	292	87	6	259	6964
146	292	88	6	260	6964
145	294	88	6	261	6707
146	295	88	6	265	6707
147	297	89	6	265	6193
146	297	89	6	271	6193
147	297	89	6	272	6448
147	296	90	6	266	6706
145	291	90	6	266	6708
146	294	88	6	268	6193
146	285	87	6	258	6192
145	284	85	6	243	5942
146	279	83	6	249	5425
145	279	83	6	239	5163
146	275	83	6	231	4912
146	272	82	6	227	5422
147	271	81	6	227	5166
147	275	83	6	228	5175
148	267	81	6	228	5686
148	275	81	6	221	5686
149	275	82	6	218	5173
149	289	82	6	218	5173
149	290	82	6	218	5173
149	292	86	6	228	5169
150	294	87	6	235	5939
149	293	88	6	235	6195
149	296	88	6	244	6708
148	297	89	6	250	6706
149	298	89	6	254	6961
150	299	89	6	258	6705
149	300	89	6	261	6708
149	302	90	6	265	6453
150	306	90	6	275	6451
149	311	89	6	271	6197
150	310	87	6	271	6707
149	312	87	6	273	6707
150	312	87	6	267	6708
151	313	88	6	273	7219
150	313	88	6	278	6703
151	311	88	6	273	6958
151	308	87	6	266	7220
151	307	86	6	272	6707
151	307	86	6	265	6705
151	310	87	6	256	6963
151	310	87	6	257	7218
152	310	87	6	267	7220
151	310	87	6	267	7473
152	312	87	6	259	7984
152	313	87	6	263	7727
152	313	88	6	272	6956
152	312	88	6	268	6966
153	311	87	6	270	6456
152	313	87	6	270	6456
152	316	88	6	262	7479
151	316	88	6	251	7476
152	318	89	6	266	7988
152	312	88	6	268	7987
152	312	88	6	268	7470
152	310	88	6	262	7218
152	306	86	6	274	6706
151	306	86	6	266	6709
151	316	87	6	259	6713
151	318	89	6	273	6707
150	316	88	6	282	6708
150	312	88	6	282	6708
151	312	89	6	280	6708
151	315	89	6	276	6965
152	317	89	6	273	7220
152	318	90	6	277	7218
153	319	90	6	287	6962
153	318	91	6	292	6964
154	316	90	6	295	6966
154	314	89	6	295	6964
155	315	89	6	291	6964
155	315	89	6	293	6964
155	316	90	6	293	6708
155	316	90	6	288	6966
155	316	90	6	286	7476
155	316	89	6	286	7473
155	318	90	6	292	7475
154	320	90	6	291	7473
154	320	91	6	294	7476
155	322	91	6	298	7221
154	323	91	6	298	6963
155	323	91	6	301	6963
155	322	92	6	297	7218
154	322	91	6	301	6962
155	322	92	6	300	7219
155	324	92	6	302	7218
155	328	92	6	299	7218
154	326	93	6	296	7474
155	293	93	6	302	7219
156	250	91	6	302	6193
153	228	82	6	257	6192
153	222	79	6	257	5422
151	215	77	6	193	5423
152	215	76	6	193	5167
150	213	74	6	177	5166
150	209	72	6	166	4912
149	207	71	6	147	4398
149	208	72	6	145	4148
149	212	72	6	143	4140
149	213	74	6	139	4138
149	215	74	6	141	4905
150	214	74	6	148	4654
150	211	74	6	149	4916
150	211	73	6	145	5429
150	211	73	6	145	5429
151	210	73	6	141	5685
150	210	74	6	135	6195
151	207	72	6	133	6197
149	205	72	6	132	6194
150	206	71	6	132	6449
150	207	72	6	136	5932
150	207	71	6	137	5681
149	205	72	6	137	5425
147	206	71	6	139	5163
149	209	71	6	139	4388
148	211	73	6	137	4646
148	210	72	6	137	4909
148	212	73	6	135	4916
148	210	73	6	138	5170
146	210	73	6	141	5678
145	212	73	6	139	5935
144	211	73	6	144	5418
143	213	73	6	140	5932
144	213	73	6	142	5935
143	212	74	6	142	6448
143	210	73	6	142	7214
143	210	73	6	137	7218
143	213	73	6	143	6187
143	212	74	6	138	6965
142	212	73	6	142	6446
142	210	73	6	144	6703
141	211	73	6	141	6703
140	209	73	6	137	6445
139	211	73	6	142	5674
137	212	73	6	139	5677
136	210	73	6	145	5678
134	212	73	6	140	5935
134	212	73	6	139	6192
134	213	73	6	139	5690
135	211	73	6	142	5690
135	213	73	6	140	5688
135	212	73	6	139	5436
134	212	73	6	145	5176
132	211	73	6	144	5430
131	212	73	6	143	5428
130	212	74	6	145	4908
130	214	74	6	147	5419
130	219	75	6	143	5434
131	220	75	6	143	5434
132	220	76	6	146	5426
131	220	76	6	146	5166
131	217	76	6	150	4906
131	212	74	6	150	5164
131	204	73	6	150	4917
132	209	72	6	147	4408
134	206	71	6	151	4142
134	205	71	6	143	4398
135	203	71	6	150	3639
134	203	70	6	151	3891
134	203	70	6	146	3894
136	196	70	6	140	4405
138	198	69	6	135	4398
137	195	68	6	130	4399
137	195	68	6	130	3882
136	195	68	6	124	3904
135	195	67	6	128	3629
134	189	67	6	124	3630
134	193	67	6	124	3881
134	196	65	6	119	4155
133	198	67	6	119	4155
132	193	69	6	116	4919
134	190	67	6	118	4664
133	191	66	6	118	4414
134	196	66	6	123	4164
132	203	67	6	130	3639
134	208	68	6	124	4404
133	218	72	6	126	4154
132	219	72	6	133	4157
132	218	74	6	135	4407
130	215	76	6	138	4155
129	216	74	6	140	4411
129	220	76	6	141	4154
127	220	77	6	146	4406
127	221	76	6	143	4657
128	220	76	6	143	4654
128	219	76	6	143	4654
128	219	75	6	146	4403
128	217	74	6	145	4150
127	212	76	6	145	4655
126	211	76	6	145	4655
125	194	78	6	147	4661
125	191	78	6	147	4661
125	201	71	6	148	4658
125	205	62	6	141	4402
125	211	60	6	141	4403
126	216	60	6	146	4915
126	219	60	6	146	4915
126	218	63	6	160	5687
127	217	62	6	170	5429
126	215	57	6	171	5174
126	217	57	6	171	5174
125	217	52	6	177	4411
125	213	51	6	175	4153
126	213	48	6	191	3896
127	220	46	6	191	3896
128	219	46	6	184	4150
128	221	46	6	197	3893
129	229	47	6	199	3635
130	270	47	6	199	3635
131	339	48	6	206	3636
134	390	57	6	221	3382
136	433	69	6	221	3382
138	480	80	6	312	6454
141	503	89	6	368	6964
142	516	96	6	462	6452
143	525	102	6	547	6451
145	525	105	6	588	6193
148	529	107	6	585	5934
151	527	109	6	600	6193
154	532	110	6	633	6193
155	532	110	6	752	6960
156	527	111	6	757	6708
160	525	110	6	764	6196
161	461	110	6	782	5685
161	386	97	6	836	7221
162	263	83	6	649	6447
163	227	69	6	649	6191
164	210	59	6	538	6194
164	198	52	6	275	5957
165	185	46	6	275	5957
165	180	42	6	209	5692
165	178	40	6	165	5432
164	176	39	6	165	5432
164	175	36	6	142	5173
163	167	36	6	142	5173
162	165	35	6	124	4915
161	162	35	6	124	4915
160	160	35	6	113	4660
159	157	34	6	113	4660
160	156	34	6	107	4406
159	153	33	6	107	4406
158	144	33	6	99	4146
157	140	32	6	99	4146
155	140	32	6	96	4146
155	137	30	6	96	4146
154	143	30	6	97	3636
153	146	30	6	97	3636
154	141	30	6	98	3378
152	136	30	6	98	3378
153	137	30	6	96	2867
152	143	30	6	96	2867
151	149	30	6	94	2869
152	149	30	6	94	2869
150	149	30	6	97	2613
149	151	31	6	97	2613
148	149	32	6	102	2614
148	150	32	6	102	2614
147	153	31	6	104	2351
146	154	31	6	104	2351
144	146	32	6	106	2609
144	145	32	6	105	2608
142	143	32	6	105	2608
142	146	32	6	99	2607
141	153	31	6	99	2607
140	161	31	6	98	2605
138	163	33	6	98	2605
136	162	33	6	108	2606
135	157	33	6	107	2862
133	158	33	6	107	2862
134	341	37	6	102	3117
136	341	52	6	102	3117
138	455	71	6	241	5434
141	476	84	6	375	5424
145	494	93	6	427	5680
146	507	100	6	505	5938
151	511	104	6	545	6193
153	520	106	6	536	6452
154	529	108	6	571	6195
157	534	108	6	571	6195
157	536	110	6	577	6452
159	536	113	6	543	5687
161	532	113	6	593	7215
162	529	112	6	671	6961
163	520	111	6	690	6706
165	440	108	6	786	6708
166	276	103	6	834	7730
167	221	89	6	834	7730
167	192	73	6	649	7696
168	170	59	6	517	7474
167	153	51	6	308	7221
167	149	42	6	308	7221
168	145	38	6	196	6711
167	143	35	6	196	6711
166	144	33	6	137	6452
165	155	31	5	137	6452
164	152	31	5	110	5947
163	143	33	5	110	5947
163	144	32	5	105	5171
162	145	31	5	105	5171
160	146	31	5	93	4919
159	141	30	5	93	4919
159	130	30	5	89	4407
158	142	0	5	0	50
157	140	0	5	0	50
157	135	0	5	0	50
156	123	0	5	0	50
157	125	0	5	0	50
156	138	0	5	0	50
156	130	0	5	0	50
155	130	0	5	0	50
155	134	0	5	0	50
154	133	0	5	0	50
155	131	0	5	0	50
153	138	0	5	0	50
152	140	0	5	0	50
152	139	0	5	0	50
151	128	0	5	0	50
149	139	0	5	0	50
149	136	0	5	0	50
146	124	0	5	0	50
146	126	0	5	0	50
144	126	0	5	0	50
145	136	0	5	0	50
143	138	0	5	0	50
143	132	0	5	0	50
141	135	0	5	0	50
140	135	0	5	0	50
138	132	0	5	0	50
137	136	0	5	0	50
136	194	30	5	93	3379
138	318	30	5	0	50
141	416	46	5	0	50
142	494	67	5	436	6708
148	518	84	5	454	6198
150	538	95	5	492	6707
150	546	103	5	529	6192
153	550	109	5	583	6705
157	550	112	5	582	7475
157	544	114	5	661	8501
158	544	114	5	727	7221
161	544	114	5	715	6459
163	542	114	5	721	5949
164	530	113	5	762	6456
164	521	112	5	761	6197
166	427	111	5	861	8756
167	330	102	5	852	7731
168	210	87	5	697	7212
168	168	70	5	557	6958
168	138	58	5	317	6968
169	123	46	5	317	6968
168	131	38	5	185	6703
168	133	0	5	0	50
167	132	0	5	0	50
166	123	0	5	0	50
166	118	0	5	0	2354
165	116	0	5	0	50
164	118	0	5	0	50
164	114	0	5	0	50
162	120	0	5	0	50
161	115	0	5	0	50
160	115	0	5	0	50
159	122	0	5	0	50
159	126	0	5	0	50
158	111	0	5	0	50
158	120	0	5	0	50
158	127	0	5	0	50
157	113	0	5	0	50
156	131	0	5	0	50
157	131	0	5	0	50
155	119	0	5	0	50
154	123	0	5	0	50
155	125	0	5	0	50
153	129	0	5	0	50
153	124	0	5	0	50
152	120	0	5	0	50
152	122	0	5	0	50
150	126	0	5	0	50
149	117	0	5	0	50
149	119	0	5	0	50
147	137	0	5	0	50
147	143	0	5	0	50
145	141	0	5	0	50
143	138	0	5	0	50
141	141	0	5	0	50
142	145	30	5	102	2356
141	149	30	5	90	2351
141	156	31	5	90	2351
140	162	31	5	105	2354
141	164	33	5	105	2354
139	172	33	5	97	2613
139	277	35	5	0	50
143	364	43	5	0	50
144	475	63	5	207	2103
146	505	79	5	305	4923
149	521	91	5	412	5426
150	544	101	5	473	5682
153	550	111	5	574	6195
155	554	113	5	577	6194
156	556	113	5	651	6452
159	544	116	5	690	5942
160	540	113	5	751	5938
163	534	112	5	804	7471
164	532	112	5	798	6961
165	532	111	5	787	6453
167	465	103	5	723	5944
168	357	85	5	528	4953
168	210	69	5	528	4953
169	148	54	5	419	4944
168	125	54	5	419	4944
169	109	45	5	239	4925
169	126	0	5	0	50
168	122	0	5	0	50
168	110	0	5	0	50
167	122	0	5	0	50
166	112	0	5	0	50
166	113	0	5	0	50
165	113	0	5	0	50
164	110	0	5	0	50
163	116	0	5	0	50
162	115	0	5	0	50
160	113	0	5	0	50
159	110	0	5	0	50
159	105	0	5	0	50
158	108	0	5	0	50
156	97	0	5	0	50
156	114	0	5	0	50
156	103	0	5	0	50
154	99	0	5	0	50
155	101	0	5	0	50
154	116	0	5	0	50
153	120	0	5	0	50
152	105	0	5	0	50
151	117	0	5	0	50
151	116	0	5	0	50
149	103	0	5	0	50
150	112	0	5	0	50
148	113	0	5	0	50
147	112	0	5	0	50
147	113	0	5	0	50
146	115	0	5	0	50
145	125	0	5	0	50
144	119	0	5	0	50
144	122	0	5	0	50
143	111	0	5	0	2098
143	114	0	5	0	50
143	114	0	5	0	50
142	134	0	5	0	50
142	120	0	5	0	50
140	120	0	5	0	50
139	137	0	5	0	50
140	203	53	5	117	1355
142	380	53	5	117	1355
144	422	59	5	412	2366
147	456	71	5	468	3122
148	490	82	5	471	4915
149	520	92	5	475	5428
151	536	100	5	504	5682
156	548	106	5	579	6706
158	556	110	5	636	6449
160	558	113	5	676	6453
161	564	115	5	750	6199
162	564	116	5	763	5936
163	550	117	5	736	5427
165	546	115	5	679	5426
167	518	114	5	841	8754
167	410	111	5	803	9005
168	325	94	5	781	7983
168	175	76	5	613	7984
169	134	62	5	613	7984
169	117	49	5	341	7762
169	97	0	6	0	50
169	85	0	6	0	50
168	101	0	6	0	50
166	113	0	6	0	50
166	112	33	6	42	2370
164	116	35	6	50	3135
163	114	39	6	62	3384
162	105	42	6	62	3384
159	109	42	6	61	3382
158	102	42	6	56	3132
156	103	40	6	54	3385
156	101	40	6	54	3385
154	104	40	6	52	3383
153	100	39	6	52	3383
154	101	39	6	52	3382
152	102	39	6	50	3126
152	106	40	6	50	3125
152	99	40	6	53	3124
150	98	40	6	53	3124
150	97	38	6	51	2868
149	99	38	6	50	2869
149	99	38	6	50	2869
147	102	38	6	49	2869
147	101	38	6	49	2869
145	111	40	6	49	2869
145	108	42	6	49	2869
144	105	42	6	49	2869
143	109	42	6	52	3124
142	106	41	6	52	3124
142	106	41	6	55	2868
141	110	41	6	55	2868
142	111	41	6	55	2868
142	116	42	6	58	2613
141	119	43	6	62	2613
141	121	45	6	62	2613
140	121	46	6	63	2871
138	122	47	6	69	3125
137	123	47	6	73	3380
136	124	47	6	73	3380
136	120	47	6	73	3380
135	128	47	6	73	3125
133	129	48	6	70	2874
133	134	49	6	72	3127
132	147	49	6	72	3127
132	159	51	6	79	3126
132	167	56	6	84	3123
131	172	60	6	94	3376
130	178	64	6	86	4658
131	181	66	6	86	5173
131	186	67	6	90	5174
133	190	69	6	96	5430
134	195	71	6	100	5433
134	196	73	6	100	5433
134	197	74	6	112	4918
134	198	76	6	118	4918
132	200	77	6	119	4664
133	199	77	6	118	4408
133	201	76	6	124	4406
133	205	78	6	125	3894
132	209	78	6	125	4918
131	213	76	6	136	5431
132	221	76	6	134	6195
132	225	77	6	138	6705
133	225	77	6	138	7473
133	225	78	6	149	7476
133	224	77	6	150	6965
134	221	76	6	151	6451
134	223	76	6	149	5684
136	223	76	6	149	5684
135	223	77	6	150	5427
136	222	76	6	152	5173
135	224	76	6	151	6195
136	223	77	6	150	5428
134	223	77	6	152	5171
134	222	76	6	153	5682
134	221	76	6	150	5425
135	219	76	6	149	5169
134	219	75	6	149	5171
135	217	75	6	153	4659
134	217	74	6	148	4917
134	217	74	6	148	4657
134	216	74	6	144	4910
134	216	74	6	139	5425
134	218	74	6	141	5680
133	220	74	6	137	5938
133	224	77	6	135	5682
134	224	77	6	139	5943
135	224	77	6	147	6455
134	223	77	6	149	5941
135	222	77	6	152	5941
134	221	76	6	151	6194
135	221	76	6	150	5684
134	225	76	6	150	5685
135	226	77	6	150	5170
135	225	78	6	153	5936
135	223	77	6	154	5424
134	225	77	6	155	5169
135	223	77	6	152	4914
136	224	77	6	155	5169
136	223	77	6	153	4655
137	222	76	6	154	4401
135	222	76	6	153	4401
134	223	76	6	150	4911
134	223	76	6	152	4656
134	223	77	6	152	4402
135	225	77	6	151	4913
135	223	76	6	151	4399
135	223	76	6	150	4400
135	222	76	6	154	4401
134	224	76	6	153	4145
135	225	77	6	152	4655
134	224	77	6	152	4655
135	226	77	6	157	5938
134	224	77	6	158	5935
135	222	76	6	157	5936
135	222	76	6	154	5681
134	222	76	6	153	4662
135	222	76	6	152	4659
134	224	76	6	150	4404
134	224	77	6	151	4147
135	225	77	6	149	4655
134	226	77	6	149	4400
134	227	77	6	151	4404
133	227	78	6	154	4662
133	227	78	6	155	5430
133	230	78	6	155	5941
132	232	79	6	154	6452
132	234	79	6	158	7219
132	235	80	6	162	7477
133	235	81	6	166	7479
132	234	81	6	166	6965
132	233	81	6	171	6967
131	234	79	6	170	6453
132	238	80	6	167	6198
133	238	82	6	169	5681
133	240	82	6	173	6451
134	238	82	6	176	6198
133	238	82	6	177	5940
133	237	81	6	176	5429
133	238	81	6	176	5428
133	237	81	6	177	5171
133	236	81	6	177	5432
133	236	81	6	178	4661
133	235	81	6	178	4661
134	237	81	6	175	4916
134	238	82	6	171	4660
134	238	81	6	173	4659
134	237	81	6	175	4402
134	238	81	6	172	4403
134	237	81	6	172	3890
134	238	82	6	171	3889
134	240	83	6	171	3633
133	241	82	6	174	3893
134	239	82	6	172	4405
133	239	82	6	177	4659
133	239	82	6	174	4404
133	240	82	6	174	4404
134	239	82	6	173	4403
134	240	82	6	178	4150
135	240	82	6	176	4405
135	240	83	6	173	4151
135	240	82	6	179	4403
136	242	83	6	177	4403
135	241	83	6	172	4403
136	241	83	6	175	4661
134	240	83	6	177	4916
135	240	82	6	174	4914
134	240	82	6	172	4658
135	238	82	6	175	4663
134	238	82	6	174	4148
134	238	82	6	173	4146
134	241	81	6	173	4658
134	242	82	6	176	4404
133	243	83	6	180	4659
134	246	83	6	181	5429
133	243	84	6	186	5686
134	241	84	6	187	5685
133	244	83	6	185	5940
133	244	84	6	180	6195
133	243	84	6	177	6707
134	243	83	6	180	6963
133	241	83	6	176	6707
134	244	83	6	179	6705
134	245	83	6	176	6194
134	244	84	6	178	5682
134	244	84	6	177	5423
136	244	83	6	180	5169
136	246	84	6	178	4658
136	245	84	6	178	4659
138	244	84	6	178	4659
138	244	84	6	180	3891
139	245	84	6	177	3636
139	243	83	6	177	3380
140	244	83	6	178	3380
140	243	83	6	174	3891
141	243	83	6	172	4146
142	243	83	6	173	3634
142	244	83	6	173	3634
142	244	84	6	182	4659
142	248	84	6	183	4659
142	246	84	6	183	4659
141	246	84	6	183	4918
143	246	84	6	182	4917
142	246	85	6	181	4916
143	248	84	6	181	4660
143	248	85	6	182	4403
144	245	85	6	186	4146
144	245	84	6	187	4658
145	242	84	6	187	4658
143	243	83	6	181	4406
144	242	83	6	182	4916
142	244	83	6	181	4403
143	243	83	6	181	4401
142	244	84	6	181	4403
142	242	84	6	182	4915
142	240	83	6	179	4913
140	240	82	6	179	4656
139	241	82	6	170	4145
138	243	82	6	170	4147
137	242	83	6	172	4145
137	242	83	6	176	4401
138	245	83	6	174	4658
137	246	84	6	173	4657
139	246	84	6	181	5426
138	247	84	6	182	5939
140	244	84	6	182	5175
140	243	84	6	184	5172
140	244	84	6	181	4919
140	243	84	6	178	5428
141	246	84	6	179	5172
140	245	84	6	178	4914
140	245	84	6	182	4916
139	246	84	6	184	5177
139	245	84	6	189	5943
139	243	84	6	191	6708
139	243	84	6	191	6706
138	243	83	6	187	6197
138	243	84	6	181	5427
137	243	83	6	181	5171
137	242	83	6	185	5171
137	242	83	6	185	4915
137	242	83	6	185	4660
138	240	83	6	181	4145
138	239	83	6	181	4145
138	244	83	6	178	4145
138	245	84	6	170	3891
137	247	85	6	174	5171
138	246	85	6	181	5940
138	245	85	6	185	6709
137	246	84	6	184	6453
138	245	84	6	188	6708
138	246	84	6	188	6708
138	247	85	6	186	5941
139	244	85	6	185	5685
138	247	84	6	184	5684
138	247	84	6	181	5428
138	248	85	6	184	4917
137	247	85	6	183	5171
138	249	85	6	186	5430
139	249	85	6	184	5429
138	249	86	6	186	5429
138	248	85	6	186	5174
139	248	86	6	188	4665
138	245	84	6	185	4666
139	242	84	6	186	4921
139	245	83	6	181	4916
139	247	84	6	178	4660
139	247	85	6	181	4917
139	247	85	6	181	4916
139	247	85	6	182	4918
139	247	85	6	180	4661
140	247	85	6	182	4662
139	246	85	6	176	5175
140	246	85	6	176	4918
140	248	85	6	178	4405
141	249	86	6	181	4661
141	254	87	6	181	4660
140	254	88	6	183	5170
139	254	87	6	183	5426
140	252	87	6	184	5684
139	251	86	6	184	5172
139	250	86	6	184	4917
139	248	85	6	183	4663
139	245	85	6	183	4403
138	241	83	6	180	4401
138	242	83	6	176	4401
138	238	82	6	174	4401
137	237	82	6	174	4401
139	239	82	6	171	4401
139	239	82	6	173	4657
138	243	82	6	173	4657
140	247	83	6	174	4654
140	247	85	6	180	4656
141	247	85	6	179	4912
141	246	85	6	180	4915
139	247	84	6	179	4657
139	247	85	6	178	4659
138	248	85	6	180	4661
138	251	86	6	182	5172
137	247	86	6	186	5940
137	247	85	6	190	6453
138	243	85	6	194	5935
138	242	83	6	185	5681
139	242	82	6	182	4914
140	244	83	6	176	4148
141	243	84	6	177	4403
142	245	84	6	179	4401
144	246	85	6	179	4913
143	247	85	6	179	5171
144	245	84	6	177	5173
144	244	85	6	176	4661
143	242	84	6	175	4404
143	242	83	6	175	4659
142	242	83	6	174	4145
142	241	83	6	171	3633
142	242	83	6	173	4656
142	244	83	6	171	4657
141	246	84	6	168	4401
142	249	85	6	168	4917
141	248	85	6	175	5428
141	249	86	6	177	5430
141	247	85	6	178	5174
140	248	85	6	178	5174
141	248	85	6	179	5169
141	248	85	6	180	5170
141	248	85	6	179	4658
140	213	83	6	179	4404
140	192	71	6	168	4661
139	199	60	6	168	4661
139	205	55	6	167	4148
139	215	55	6	167	4148
139	221	53	6	150	4419
141	228	52	6	146	4162
140	233	54	5	143	4157
142	233	54	5	143	4157
142	243	56	5	143	4157
143	245	58	5	162	4156
143	254	59	5	171	4662
143	256	60	5	172	5429
144	258	61	5	186	5938
144	295	62	5	194	6195
145	343	62	5	197	6452
146	374	68	5	200	6965
146	394	77	5	251	7473
148	404	86	5	305	7474
149	416	92	5	314	6962
150	413	92	5	338	6456
151	410	94	5	388	6963
153	413	93	5	419	6964
154	416	92	5	412	6711
156	416	93	5	406	6455
156	419	94	5	411	6198
158	422	94	5	410	6198
159	423	95	5	426	6452
160	427	95	5	425	6449
162	432	96	5	423	5683
162	434	97	5	435	5425
162	435	97	5	435	6449
163	439	98	5	435	6449
163	442	99	5	456	5939
164	442	99	5	450	5423
164	446	100	5	447	5424
165	442	100	5	448	5935
165	443	100	5	448	5935
167	450	101	5	448	5935
166	447	101	5	478	6705
167	447	100	5	461	7219
167	443	100	5	461	7219
167	444	100	5	448	6960
168	444	100	5	440	6448
169	444	101	5	456	6706
169	452	101	5	440	6193
169	448	101	5	440	6193
170	447	101	5	445	6447
170	444	101	5	431	5936
171	444	100	5	428	6199
171	443	100	5	438	6708
171	442	100	5	466	6706
172	443	100	5	466	6706
173	440	99	5	442	5936
173	439	99	5	450	6195
173	442	99	5	438	6195
173	440	99	5	461	6195
173	442	99	5	481	7220
173	444	99	5	466	7220
174	426	99	5	454	6961
174	328	99	5	441	6963
175	269	91	5	415	6960
173	190	77	5	416	6448
173	146	65	6	331	5968
172	116	51	6	331	5968
171	107	43	6	193	5690
171	114	0	6	0	50
169	113	0	6	0	50
169	121	0	6	0	50
167	133	0	6	0	50
166	133	0	6	0	50
164	124	0	6	0	50
163	118	0	6	0	50
162	122	0	6	0	50
161	125	0	6	0	50
160	110	0	6	0	50
158	118	0	6	0	50
158	119	0	6	0	50
157	119	0	6	0	50
156	109	0	6	0	50
154	122	0	6	0	50
154	123	0	6	0	50
154	112	0	6	0	50
153	116	0	6	0	50
153	110	0	6	0	50
153	114	0	6	0	50
152	108	0	6	0	50
153	115	0	6	0	50
151	107	0	6	0	50
150	112	0	6	0	50
149	107	0	6	0	50
150	120	0	6	0	50
148	124	0	6	0	50
149	141	0	6	0	50
148	150	0	6	0	50
147	157	0	6	0	50
148	163	32	6	64	2095
146	167	33	6	88	2355
146	168	36	6	107	2867
146	167	38	6	107	2867
144	166	38	6	111	3380
144	166	38	6	111	3379
144	171	38	6	111	3379
144	171	38	6	114	3635
144	172	38	6	114	3635
144	171	38	6	117	3635
144	171	38	6	117	3635
144	169	38	6	117	3635
144	166	38	6	114	3635
144	166	38	6	115	3635
144	168	37	6	115	3635
144	168	37	6	110	3635
143	168	37	6	110	3635
142	169	37	6	108	3635
142	168	37	6	108	3635
142	168	38	6	108	3635
141	168	38	6	110	3635
143	170	38	6	110	3635
142	173	38	6	110	3635
142	175	39	6	119	3635
141	176	39	6	120	3379
140	176	39	6	120	3379
140	175	39	6	123	3635
140	172	39	6	126	3379
139	172	39	6	126	3379
139	171	39	6	121	3378
139	171	39	6	121	3378
138	172	39	6	123	3379
137	171	39	6	123	3379
137	172	39	6	121	3379
136	173	39	6	121	3635
137	174	39	6	121	3635
136	175	39	6	122	3634
137	177	39	5	122	3379
135	178	39	5	122	3379
135	179	40	5	122	3379
133	180	41	5	125	3379
134	176	41	5	129	3379
134	179	40	5	129	3379
134	179	40	5	126	3635
134	181	40	5	129	3379
134	181	41	5	129	3379
132	182	41	5	132	3379
132	183	41	5	132	3379
131	186	41	5	132	3379
130	191	42	5	138	3634
130	191	42	5	140	3379
132	188	42	5	140	3379
132	190	42	5	142	3123
132	193	43	5	140	3124
133	224	43	5	149	3379
135	297	44	5	149	3379
137	337	52	5	168	3382
137	360	63	5	168	3382
140	410	72	5	258	6964
142	410	80	5	292	7220
143	434	86	5	318	7479
145	443	91	5	381	6964
147	444	95	5	423	5938
148	442	97	5	422	6197
150	440	99	5	397	6457
152	440	99	5	416	5939
155	434	99	5	422	6192
157	437	98	5	423	6447
158	435	98	5	435	6194
159	438	98	5	432	5687
161	440	99	5	466	5429
161	440	99	5	445	5175
162	444	99	5	432	5940
162	444	100	5	425	5942
164	442	100	5	446	5943
165	444	100	5	446	5943
165	442	100	5	499	5940
166	440	99	5	462	5430
167	439	98	5	460	5677
167	438	98	5	433	5934
168	437	99	5	410	5939
169	437	99	5	410	5939
169	441	99	5	398	5159
170	442	99	5	396	5164
171	441	100	5	387	6193
171	440	100	5	406	6704
171	442	100	5	406	6187
171	438	100	5	406	5936
172	440	100	5	422	6448
172	438	99	5	437	6195
173	441	99	5	418	6193
173	441	99	5	432	6192
174	437	99	5	429	5937
173	431	98	5	419	6188
173	431	97	5	417	6446
174	431	97	5	405	5936
175	432	98	5	397	6454
174	436	98	5	412	6194
174	435	98	5	419	6449
175	401	98	5	445	6453
175	299	96	5	461	6197
175	237	84	5	443	6189
175	146	72	5	346	6162
174	93	62	5	272	5945
173	73	48	5	272	5945
172	58	42	5	25	5691
171	58	0	5	0	50
170	70	0	5	0	50
168	64	0	5	0	50
167	64	0	5	0	50
167	81	0	5	0	50
165	82	0	5	0	50
165	80	0	5	0	50
164	77	0	5	0	50
163	77	0	5	0	50
161	80	0	5	0	50
159	77	0	5	0	50
158	77	0	5	0	50
157	82	0	5	0	50
156	86	0	5	0	50
155	82	0	5	0	50
154	81	0	5	0	50
154	91	0	5	0	50
154	91	0	5	0	50
153	96	0	5	0	50
154	95	0	5	0	50
152	92	0	5	0	50
151	91	0	5	0	50
151	100	0	6	0	50
149	96	0	6	0	50
149	93	0	6	0	50
147	99	0	6	0	50
147	98	29	6	46	1844
145	97	29	6	46	1844
145	103	30	6	48	1845
144	98	30	6	48	1845
144	100	30	6	48	1845
143	102	30	6	48	1845
143	103	30	6	49	1846
143	103	30	6	49	1846
142	105	31	6	51	1846
142	103	32	6	53	2101
142	108	32	6	53	2101
141	106	32	6	56	2100
141	104	32	6	56	2100
140	104	32	6	56	2100
139	112	32	6	56	2100
139	105	32	6	56	2101
138	111	33	6	56	2101
137	109	33	6	59	2100
137	107	33	6	59	2100
137	112	33	6	59	2100
135	107	33	6	59	2100
135	110	32	6	59	2100
134	110	32	6	58	2100
134	108	33	6	58	2100
134	113	33	6	58	1843
134	113	32	6	58	1843
135	112	34	6	57	1843
135	113	34	6	57	1843
136	115	34	6	62	1844
135	116	34	6	62	1844
135	120	36	6	63	2100
133	117	36	6	61	2097
131	116	36	6	66	2098
130	113	35	6	66	2098
131	111	35	6	62	1845
130	118	35	6	62	1845
131	121	35	6	63	2102
131	121	36	6	63	2102
133	127	36	6	66	2102
135	137	37	6	66	2102
135	136	38	6	73	2102
136	136	40	6	70	2357
135	123	41	6	70	2357
135	108	40	6	73	2355
133	116	39	6	67	2617
132	136	0	6	0	50
132	145	0	6	0	50
133	152	32	6	71	2359
134	157	32	6	71	2359
136	159	32	6	101	2360
135	155	34	6	98	2614
135	164	36	6	98	2614
134	164	37	6	98	2867
134	169	37	6	98	2867
134	171	38	6	104	2867
133	171	38	6	111	3123
134	181	39	6	111	3123
135	191	39	6	117	3123
135	246	41	6	123	3379
136	362	45	6	123	3379
138	387	57	6	123	3379
139	387	70	6	280	5429
141	419	79	6	310	5681
144	430	86	6	372	6450
145	437	91	6	406	6451
149	444	95	6	411	6710
150	444	97	6	417	6964
152	444	99	6	444	6707
152	437	99	6	443	6708
155	437	99	6	464	6703
156	433	99	6	464	6703
157	433	98	6	479	6705
158	433	98	6	489	5935
159	433	98	6	507	6193
162	438	98	6	520	6449
162	437	99	6	492	6197
162	436	99	6	456	6450
163	436	99	6	465	6703
164	436	98	6	467	5937
165	435	98	6	467	5937
165	437	99	6	467	5937
165	438	99	6	493	6450
166	436	99	6	500	6451
167	438	99	6	473	6456
168	436	99	6	458	6196
168	435	99	6	453	6192
169	435	99	6	431	6450
169	432	98	6	446	6191
169	432	98	6	453	6191
170	437	98	6	446	6450
171	433	99	6	452	6451
171	433	99	6	430	6194
172	432	97	6	461	5423
172	430	98	6	504	5682
172	431	97	6	493	6452
173	432	98	6	488	6448
173	431	98	6	475	6194
174	428	97	6	460	6198
174	426	97	6	424	6447
174	425	96	6	426	6193
174	423	97	6	425	5939
174	418	96	6	433	6196
175	417	95	6	433	6196
175	366	94	6	451	5938
175	285	88	6	473	5682
176	189	74	6	446	5680
174	83	0	6	0	50
173	83	0	6	0	50
172	42	0	6	0	50
170	42	0	6	0	50
169	41	0	6	0	50
168	49	0	6	0	50
167	49	0	6	0	50
166	40	0	6	0	50
166	40	0	6	0	50
164	37	0	6	0	50
163	37	0	6	0	50
162	37	0	6	0	50
160	32	0	6	0	50
158	32	0	6	0	50
157	32	0	6	0	50
157	0	0	6	0	50
155	0	0	6	0	50
153	0	0	6	0	50
151	0	0	6	0	50
151	0	0	6	0	50
150	0	0	6	0	50
149	0	0	6	0	50
148	0	0	6	0	50
147	61	0	6	0	50
146	68	0	6	0	50
146	68	0	6	0	50
145	62	0	6	0	50
143	65	0	6	0	50
142	80	0	6	0	50
143	77	0	6	0	50
142	80	0	6	0	50
142	81	0	6	0	50
142	90	0	6	0	50
142	86	0	6	0	50
140	85	0	6	0	50
140	96	0	6	0	50
139	96	0	6	0	50
139	96	29	6	33	1343
139	102	29	6	48	1593
138	96	30	6	48	1593
138	91	30	6	49	1845
138	96	29	6	49	1845
138	98	29	6	48	1843
138	96	30	6	48	1843
137	99	30	6	49	2098
136	94	30	6	49	2098
136	91	30	6	48	2098
135	97	0	6	0	50
135	96	0	6	0	50
134	95	29	6	46	1844
133	94	29	6	43	2098
132	101	29	6	43	2098
130	93	30	6	46	2098
129	99	30	6	48	1843
128	96	30	6	48	1843
128	93	30	6	48	1843
128	93	0	6	0	50
128	102	0	6	0	50
132	99	0	6	0	50
131	102	30	6	51	1332
131	100	30	6	51	1332
130	101	31	6	51	1332
129	99	31	6	51	1587
129	102	31	6	51	1587
128	98	31	6	53	1843
128	101	31	6	53	1843
129	110	31	6	54	1841
129	108	32	6	54	1841
129	116	32	6	57	1842
130	103	33	6	57	1842
130	101	31	6	60	1843
129	92	0	6	0	50
130	111	0	6	0	50
130	104	0	6	0	50
129	134	0	6	0	50
129	135	0	6	0	50
129	141	0	6	0	50
130	146	32	6	77	1585
131	146	32	6	77	1585
132	144	32	6	93	1592
133	141	34	6	90	2101
133	141	32	6	90	2101
132	143	32	6	88	2105
133	145	32	6	88	2105
133	148	32	6	82	2361
132	149	33	6	82	2361
133	148	34	6	85	2354
132	151	34	6	85	2354
133	210	35	6	87	2607
135	325	50	6	89	2605
135	352	50	6	89	2605
139	369	63	6	223	4655
139	384	80	6	284	6704
141	395	84	6	332	6449
143	406	88	6	332	6449
145	413	91	6	351	6449
146	425	93	6	392	6194
148	424	95	6	392	6194
150	426	97	6	404	5430
151	430	97	6	425	5684
154	432	98	6	429	5680
155	429	97	6	433	5426
156	424	97	6	426	5685
157	424	97	6	426	5685
158	419	95	6	409	5683
159	423	95	6	417	5683
161	423	96	6	424	5685
160	422	96	6	400	5940
162	417	96	6	417	5682
163	417	96	6	417	5682
163	417	95	6	412	5423
163	417	95	6	436	5169
165	416	94	6	428	5429
165	420	94	6	424	5428
165	419	95	6	423	5682
166	417	95	6	428	5680
167	415	94	6	419	5429
167	415	94	6	414	5427
167	418	95	6	421	5426
168	417	94	6	421	5426
168	417	95	6	437	4913
168	418	95	6	421	4918
169	417	95	6	446	5170
169	418	94	6	447	5426
170	416	95	6	439	5684
170	418	95	6	441	6197
171	416	95	6	441	6197
171	416	94	6	435	6193
171	413	94	6	432	5686
171	417	94	6	407	5428
171	416	94	6	416	5682
173	413	94	6	413	5942
173	381	94	6	412	5682
173	305	91	6	412	5682
173	176	74	6	411	5936
172	112	0	6	0	50
172	64	0	6	0	50
171	64	0	6	0	50
170	44	0	6	0	50
169	62	0	6	0	50
167	62	0	6	0	50
165	59	0	6	0	50
165	65	0	6	0	50
164	65	0	6	0	50
163	61	0	6	0	50
162	65	0	6	0	50
161	65	0	6	0	50
159	65	0	6	0	50
164	32	43	6	0	50
155	63	42	6	0	50
152	63	0	6	0	50
155	63	0	6	0	50
153	63	0	6	0	50
153	63	0	6	0	50
153	0	0	6	0	50
150	0	0	6	0	50
150	0	0	6	0	50
149	0	0	6	0	50
149	58	0	6	0	50
148	58	0	6	0	50
147	52	0	6	0	50
147	52	0	6	0	50
147	52	0	6	0	50
145	0	0	6	0	50
144	0	0	6	0	50
143	0	0	6	0	50
143	0	0	6	0	50
142	0	0	6	0	50
142	30	0	6	0	50
141	47	0	6	0	50
140	47	0	6	0	50
138	48	0	6	0	50
137	48	0	6	0	50
137	63	0	6	0	50
136	66	0	6	0	50
135	66	0	6	0	50
134	67	0	6	0	50
133	70	0	6	0	50
133	68	0	6	0	50
132	75	0	6	0	50
131	70	0	6	0	50
131	75	0	6	0	50
131	95	0	6	0	50
131	103	0	6	0	50
131	107	34	6	43	822
131	122	34	6	43	822
132	127	35	6	67	1078
132	127	37	6	73	1338
132	123	38	6	73	1338
133	123	38	6	74	1590
133	132	38	6	74	1590
133	129	38	6	76	1591
131	135	40	6	76	1591
132	126	40	6	75	1595
132	128	40	6	70	1848
132	128	40	6	70	1848
133	135	39	6	72	2105
133	134	39	6	73	1840
134	135	40	6	73	1840
134	136	41	6	73	2093
133	136	41	6	75	2353
132	136	42	6	75	2353
132	131	42	6	74	2351
131	131	41	6	71	2609
132	128	41	6	71	2609
132	132	40	6	70	2868
131	131	40	6	69	2864
132	143	40	6	69	2864
132	133	41	6	62	2867
132	107	43	6	62	2867
131	92	43	6	69	2866
130	113	0	6	0	50
128	118	0	6	0	50
128	120	0	6	0	50
127	136	0	6	0	50
128	139	0	6	0	50
129	138	31	6	75	1595
129	142	31	6	90	1845
128	137	32	6	90	1845
128	136	32	6	83	2099
130	145	32	6	83	2099
130	143	32	6	85	2100
130	138	32	6	85	2356
129	240	32	6	84	2352
130	305	44	6	92	2111
133	343	44	6	92	2111
135	368	70	6	92	2111
135	389	79	6	271	5687
137	404	79	6	271	5687
139	410	90	6	366	6195
142	418	92	6	396	5426
145	420	94	6	408	5682
147	426	96	6	408	5682
149	429	96	6	396	5429
150	426	97	6	396	5429
152	425	97	6	419	5173
154	426	97	6	413	5428
155	428	97	6	409	5425
156	430	97	6	447	5683
158	429	97	6	490	5939
159	425	97	6	492	6194
159	419	97	6	499	6198
161	424	96	6	519	6195
161	426	96	6	476	5939
161	424	97	6	454	5686
162	422	96	6	454	5686
163	423	96	6	436	5426
162	422	96	6	419	5174
164	422	95	6	410	6194
164	423	96	6	403	5680
164	420	96	6	399	5941
165	420	95	6	390	5938
166	420	95	6	401	5689
166	418	96	6	397	5432
166	417	95	6	421	5685
168	418	95	6	431	5685
167	416	95	6	399	5432
168	418	95	6	399	5432
168	417	95	6	382	5942
169	415	95	6	390	6195
169	415	94	6	403	6196
169	415	94	6	403	6195
170	413	94	6	422	6193
170	412	94	6	420	6195
171	415	94	6	413	6198
171	413	94	6	425	6449
171	416	94	6	399	6702
171	372	93	6	398	6446
171	296	88	6	398	6446
172	203	88	6	394	6194
171	142	57	6	375	5171
171	102	0	6	0	50
169	54	0	6	0	50
169	54	0	6	0	50
168	38	0	6	0	50
167	38	0	6	0	50
166	38	0	6	0	50
165	38	0	6	0	50
163	20	0	6	0	50
162	20	0	6	0	50
159	38	0	6	0	50
158	38	0	6	0	50
156	37	0	6	0	50
155	37	0	6	0	50
154	37	0	6	0	50
152	37	0	6	0	50
150	0	0	6	0	50
151	0	0	6	0	50
148	48	0	6	0	50
148	48	0	6	0	50
147	48	0	6	0	50
147	0	0	6	0	50
145	0	0	6	0	50
145	0	0	6	0	50
143	0	0	6	0	50
142	0	0	6	0	50
140	0	0	6	0	50
139	36	0	6	0	50
139	57	0	6	0	50
138	46	0	6	0	50
138	46	0	6	0	50
138	46	0	6	0	50
137	46	0	6	0	50
136	46	0	6	0	50
135	0	38	6	0	50
134	56	38	6	0	50
133	60	0	6	0	50
133	60	0	6	0	50
132	57	0	6	0	50
132	59	0	6	0	50
132	59	0	6	0	50
130	54	0	6	0	50
130	53	0	6	0	50
129	52	0	6	0	50
128	52	0	6	0	50
127	53	0	6	0	50
127	57	0	6	0	50
125	63	0	6	0	50
125	63	0	6	0	50
124	60	0	6	0	50
124	58	0	6	0	50
123	58	0	6	0	50
123	61	0	6	0	50
122	61	0	6	0	50
122	61	0	6	0	50
121	60	0	6	0	50
120	64	0	6	0	50
120	64	0	6	0	50
119	64	0	6	0	50
120	60	0	6	0	50
120	63	0	6	0	50
120	63	0	6	0	50
120	59	0	6	0	50
119	63	0	6	0	50
119	57	0	6	0	50
119	57	0	6	0	50
120	56	0	6	0	50
119	56	0	6	0	50
118	51	0	6	0	50
118	51	0	6	0	50
116	51	0	6	0	50
116	51	0	6	0	50
114	0	0	6	0	50
114	0	0	6	0	50
113	40	0	6	0	50
113	40	0	6	0	50
114	43	0	6	0	50
114	43	0	6	0	50
113	59	0	6	0	50
113	55	0	6	0	50
112	58	0	6	0	50
112	53	0	6	0	50
112	59	0	6	0	50
113	59	0	6	0	50
113	55	0	6	0	50
112	60	0	6	0	1074
112	60	0	6	0	50
112	56	0	6	0	50
112	68	0	6	0	50
111	68	0	6	0	50
111	68	0	6	0	50
111	68	0	6	0	50
112	69	30	6	29	2879
113	69	30	6	29	2879
114	67	30	6	29	2879
113	70	29	6	29	2619
113	73	29	6	29	2619
112	74	30	6	33	2620
112	72	32	6	34	2616
111	74	32	6	34	2616
110	69	32	6	32	2620
110	73	31	6	32	2620
110	68	31	6	32	2364
111	70	30	6	32	2364
112	68	30	6	31	2362
111	73	30	6	31	2362
111	67	30	6	33	2362
112	67	30	6	33	2362
111	70	30	6	30	2103
109	70	30	6	30	2103
109	67	30	6	31	2103
109	69	30	6	31	2103
109	69	30	6	33	2104
109	70	30	6	33	2104
110	72	30	6	31	2104
109	69	31	6	31	2104
110	64	31	6	33	1847
109	64	0	6	0	50
109	68	0	6	0	50
108	71	30	6	28	1848
108	67	30	6	30	2103
108	64	29	6	30	2103
108	64	29	6	30	2103
109	65	0	6	0	50
110	71	0	6	0	50
110	63	0	6	0	50
110	63	0	6	0	50
110	63	0	6	0	50
108	48	0	6	0	50
108	50	0	6	0	50
107	56	0	6	0	50
107	68	0	6	0	50
106	68	0	6	0	50
106	68	0	6	0	50
107	26	0	6	0	50
107	62	0	6	0	50
108	71	0	6	0	50
109	71	0	6	0	50
109	69	30	6	6	50
109	72	30	6	32	2104
110	71	30	6	32	2104
108	74	30	6	32	2100
107	79	31	6	32	2100
107	82	31	6	33	2104
106	78	31	6	33	2104
107	79	34	6	38	2103
106	79	34	6	38	2103
106	82	35	6	39	2104
107	86	35	6	39	2105
107	84	36	6	39	2105
109	86	36	6	37	1846
109	85	36	6	37	1846
109	87	37	6	41	1845
109	85	37	6	42	2099
109	85	36	6	42	2099
108	82	36	6	37	2098
108	78	36	6	37	2098
107	81	34	6	39	2356
107	82	34	6	38	2102
107	83	35	6	38	2102
107	84	35	6	39	2103
107	82	36	6	39	2103
106	82	36	6	41	2104
106	82	36	6	37	2104
106	82	36	6	37	2104
105	84	36	6	37	2358
106	84	35	6	37	2358
106	80	35	6	38	2359
106	85	35	6	38	2359
106	83	35	6	39	2616
107	79	35	6	42	2616
106	83	35	6	40	2360
106	79	35	6	40	2360
105	80	34	6	40	2360
104	79	34	6	37	2357
104	82	35	6	37	2357
104	81	35	6	38	2103
104	81	35	6	38	2103
104	80	35	6	39	1848
105	82	35	6	39	1848
105	82	35	6	39	1848
105	83	35	6	36	2104
106	81	35	6	39	2104
106	82	35	6	39	2104
106	84	35	6	37	2359
106	80	36	6	37	2359
106	83	35	6	38	2104
106	80	35	6	37	2105
106	82	35	6	37	2105
106	78	35	6	39	2105
107	80	34	6	39	2105
106	78	34	6	36	1849
107	81	34	6	36	1849
107	79	34	6	35	2104
107	78	34	6	37	2356
108	80	34	6	37	2356
106	83	34	6	38	2103
106	81	35	6	38	2103
106	81	35	6	40	1847
106	81	35	6	40	1847
108	80	33	6	37	2102
108	76	33	6	35	1849
108	79	34	6	35	1849
108	74	34	6	38	2105
107	78	33	6	38	2105
107	76	33	6	36	2105
105	79	33	6	36	2105
105	77	33	6	36	2359
105	76	33	6	36	2359
105	78	33	6	36	2358
105	75	33	6	34	2360
106	75	33	6	34	2360
106	74	32	6	36	2359
106	75	32	6	33	2361
106	75	32	6	33	2361
106	79	33	6	33	2361
105	81	34	6	34	2360
106	78	34	6	34	2360
105	82	34	6	38	2617
105	78	34	6	38	2617
105	82	34	6	39	2615
106	80	34	6	39	2615
106	80	35	6	40	2616
107	80	35	6	40	2616
106	80	35	6	40	2616
106	84	35	6	40	2616
106	83	35	6	39	2362
105	84	36	6	39	2362
105	83	36	6	42	2361
105	83	36	6	42	2361
104	83	36	6	36	2359
105	84	36	6	36	2355
105	84	36	6	36	2355
106	85	36	6	41	2101
106	81	36	6	41	2101
106	83	36	6	42	2102
105	81	36	6	42	2357
105	79	35	6	42	2357
104	83	35	6	38	2615
104	80	35	6	38	2615
103	81	35	6	36	2616
104	81	35	6	36	2616
103	77	34	6	35	2614
104	81	34	6	37	2615
104	77	34	6	37	2615
104	81	34	6	39	2360
104	92	34	6	39	2360
104	96	35	6	35	2361
104	97	37	6	48	2359
105	99	39	6	48	2359
105	100	41	6	53	2614
106	95	43	6	53	2871
107	102	43	6	53	2871
108	114	42	6	55	2614
108	117	43	6	53	2616
108	115	46	6	59	2353
111	113	48	6	59	2353
112	114	49	6	62	3117
113	117	49	6	62	2865
113	112	48	6	63	3377
113	121	48	6	59	3385
115	122	50	6	62	3382
117	121	52	6	68	3888
118	122	51	6	64	3896
118	121	52	6	63	3892
118	123	53	6	60	4149
117	128	54	6	62	3641
118	125	54	6	62	3641
117	126	54	6	69	3642
117	124	54	6	69	3642
117	121	53	6	67	3385
116	122	52	6	64	3389
115	123	52	6	64	3389
115	124	52	6	65	3391
114	126	52	6	66	3137
114	126	53	6	69	3133
113	126	54	6	69	2879
112	126	54	6	69	2879
113	130	54	6	70	3135
112	129	55	6	66	3642
113	128	55	6	65	3901
111	129	55	6	73	4409
110	133	54	6	72	4409
112	133	55	6	68	4916
112	130	56	6	64	4914
113	128	55	6	66	5168
112	126	54	6	66	5428
110	127	54	6	61	5172
109	127	54	6	61	5172
109	124	54	6	66	4660
111	126	54	6	64	4144
111	126	53	6	64	3886
111	124	53	6	58	4400
110	125	53	6	58	4400
109	128	54	6	68	3897
110	128	54	6	69	3640
111	130	54	6	65	3890
111	129	55	6	65	3890
112	128	55	6	65	3888
111	129	55	6	65	3887
112	129	55	6	63	3885
112	126	54	6	66	3385
111	123	54	6	68	3383
113	127	53	6	71	3900
112	126	54	6	71	3900
113	131	54	6	67	3893
115	129	54	6	67	3893
114	123	53	6	70	4143
115	121	52	6	67	3901
115	127	53	6	68	4155
114	126	53	6	68	4155
114	134	54	6	71	3899
116	141	56	6	71	3902
116	150	57	6	74	3904
116	155	60	6	74	4414
118	160	62	6	74	4414
118	165	65	6	79	4156
119	168	67	6	83	4666
119	172	70	6	83	4666
119	174	71	6	91	3638
119	175	74	6	94	3894
119	176	74	6	96	3638
120	177	75	6	100	3893
120	176	75	6	106	3636
120	178	75	6	108	3893
120	180	76	6	111	4148
121	181	76	6	113	4659
120	181	76	6	112	4150
120	182	77	6	113	3639
121	198	77	6	113	3892
121	215	78	6	113	4147
121	242	77	6	115	3891
122	242	75	6	132	4391
123	264	74	6	149	2854
123	274	76	6	150	4143
123	288	78	6	164	4664
124	291	82	6	179	5167
125	295	85	6	205	5682
127	274	87	6	222	5426
128	271	82	6	236	5936
129	271	73	6	236	5936
129	280	68	6	231	6194
130	299	67	6	235	6454
130	306	69	6	234	6458
131	318	77	6	255	5686
132	323	79	6	269	5430
132	331	82	6	275	5171
134	329	82	6	275	5171
134	331	84	6	285	5176
135	329	83	6	293	4919
135	327	83	6	280	4403
137	325	83	6	292	4659
137	330	84	6	265	4153
137	330	84	6	260	4398
138	333	84	6	260	4398
139	332	85	6	273	4913
140	333	85	6	276	4920
141	334	85	6	276	4920
141	332	85	6	279	4916
142	333	85	6	295	4915
142	333	85	6	295	4915
143	335	85	6	293	4149
143	334	85	6	288	4659
144	333	85	6	312	4658
144	328	84	6	317	4914
145	327	84	6	309	4406
145	327	83	6	303	4405
146	328	83	6	307	4401
146	331	83	6	300	5170
147	334	85	6	294	5173
147	334	85	6	286	4658
147	332	85	6	291	4909
147	330	85	6	301	5167
148	330	84	6	293	4918
149	327	84	6	311	5172
149	327	84	6	310	5426
150	326	83	6	299	4402
149	326	83	6	297	3895
150	325	83	6	284	4404
151	327	83	6	272	3886
151	327	83	6	280	4398
151	330	83	6	267	4151
151	327	84	6	279	4661
152	330	84	6	306	5170
151	330	84	6	300	5169
152	328	84	6	308	4913
152	326	83	6	320	5170
151	326	83	6	304	4912
153	325	83	6	313	4918
153	327	83	6	305	4918
154	324	83	6	305	4917
152	329	84	6	301	4660
153	331	84	6	301	5172
155	329	84	6	274	4920
153	330	84	6	273	4917
154	331	84	6	297	4915
154	327	83	6	282	4405
155	329	83	6	282	4405
155	328	83	6	281	4404
155	330	84	6	286	4147
156	328	84	6	297	4403
156	330	84	6	289	4150
156	327	84	6	291	3896
157	325	84	6	277	3639
157	323	82	6	279	3891
157	323	83	6	270	3895
157	322	82	6	269	3892
156	319	82	6	261	4145
157	315	82	6	264	4399
157	315	81	6	277	4656
157	321	81	6	264	4405
157	324	81	6	258	4402
158	323	82	6	255	3888
157	323	82	6	268	4145
157	325	83	6	264	4150
158	327	83	6	258	3893
158	324	83	6	253	3887
158	325	83	6	251	3636
158	325	83	6	260	3637
158	324	83	6	257	3890
159	327	83	6	275	4400
159	325	83	6	282	4657
159	325	83	6	282	4916
159	325	83	6	275	4916
159	323	83	6	270	4400
160	323	83	6	276	3897
160	325	83	6	277	4152
160	323	83	6	277	4152
160	325	83	6	275	4404
160	322	83	6	282	4660
161	324	82	6	275	4920
162	321	82	6	259	4664
160	323	82	6	281	4144
160	321	82	6	268	4405
161	324	82	6	268	4150
161	323	82	6	264	4150
160	323	83	7	260	4148
162	327	83	7	256	4920
161	329	84	7	256	4664
162	329	83	7	278	4662
162	325	83	7	278	4662
162	325	83	7	287	4148
162	328	83	7	275	4410
162	325	83	7	265	4410
162	325	83	7	270	4915
162	325	83	7	285	5172
162	327	83	7	277	4918
162	326	83	7	277	4662
162	329	84	7	270	4147
163	329	83	7	272	4144
163	331	84	7	274	4146
163	329	84	7	286	4662
163	328	84	7	288	4405
164	330	84	7	284	4146
163	330	84	7	287	4146
164	328	84	7	279	4405
164	333	84	7	284	4914
164	330	85	7	284	4914
164	330	84	7	284	4914
164	329	84	7	292	4150
164	324	84	7	287	4403
164	317	83	7	279	4913
165	313	83	7	277	4657
164	317	81	7	276	4405
164	323	80	7	263	4660
164	325	82	7	269	4660
164	323	82	7	276	4403
164	324	82	7	274	4662
164	325	82	7	276	4917
164	320	82	7	275	5171
164	319	82	7	276	4914
164	321	81	7	277	4917
164	319	81	7	260	4919
164	321	81	7	263	4915
164	315	81	7	267	4917
165	317	81	7	252	4662
165	316	81	7	255	4407
164	317	81	7	259	4402
164	317	81	7	259	4402
164	318	81	7	253	4407
165	321	82	7	280	4916
165	320	82	7	271	4657
165	318	81	7	275	4658
164	313	80	7	274	4407
164	317	80	7	274	4407
165	315	81	7	264	4150
165	313	81	7	264	4403
165	313	80	7	271	4402
164	312	80	7	265	4145
165	313	80	7	266	4147
165	312	80	7	266	3890
165	310	80	7	269	4147
165	305	79	7	259	3896
165	309	79	7	259	3638
165	317	78	7	248	3379
165	317	79	7	256	3378
165	313	81	7	269	3894
165	308	79	7	270	3384
164	307	79	7	268	3639
165	308	78	7	255	3636
165	313	79	7	251	3125
165	315	80	7	251	3125
164	315	80	7	256	3382
165	318	81	7	259	3379
165	312	80	7	263	3890
165	321	79	7	264	4150
165	319	80	7	263	3894
165	320	82	7	259	3636
165	320	81	7	271	3890
164	317	81	7	257	3894
164	318	81	7	259	3896
164	335	81	7	254	4144
164	331	84	7	253	4654
165	330	84	7	254	4661
165	324	84	7	269	4407
164	323	83	7	264	4149
165	321	83	7	265	3886
165	314	80	7	265	3891
165	313	80	7	278	4146
165	315	80	7	278	4146
165	318	81	7	266	3889
164	325	83	7	273	3888
164	325	83	7	284	4403
164	325	83	7	291	4913
165	330	84	7	300	4916
165	329	84	7	295	5172
165	334	85	7	264	4910
165	334	85	6	264	4910
165	330	85	6	264	4910
166	330	85	6	264	4910
166	323	83	6	322	4406
166	310	82	6	322	4406
166	303	80	6	286	3890
166	313	79	6	283	4147
166	317	78	6	270	4150
166	307	80	6	270	3893
166	304	80	6	263	3890
166	308	78	6	249	3886
166	316	78	6	247	4918
166	323	80	6	234	4660
165	327	82	6	236	4653
166	330	83	6	242	4654
166	328	84	6	242	4917
166	330	83	6	256	4915
166	330	84	6	246	4654
166	330	84	6	251	4654
165	330	84	6	264	4662
166	331	84	6	264	4406
166	327	84	6	264	4406
166	321	83	6	263	4657
166	321	82	6	246	4150
166	328	81	6	241	3638
166	330	82	6	235	3127
166	328	84	6	239	3123
166	331	84	6	231	3385
167	333	85	6	231	3385
166	333	85	6	236	3637
166	333	85	6	239	3630
166	335	85	6	255	3886
167	335	86	6	270	3383
166	334	86	6	270	3383
167	335	85	6	259	3636
167	334	85	6	254	3640
166	333	85	6	269	3892
166	332	85	6	273	4148
166	335	85	6	296	4146
167	332	84	6	303	4405
167	332	85	6	296	4660
167	333	84	6	301	4661
167	328	84	6	313	4660
167	288	84	6	313	4660
167	134	79	6	300	4149
165	97	67	6	300	4149
165	66	54	6	300	4149
163	66	0	6	0	50
162	66	0	6	0	50
161	66	0	6	0	50
157	0	0	6	0	50
157	0	0	6	0	50
156	0	0	6	0	50
154	0	0	6	0	50
153	0	0	6	0	50
152	0	0	6	0	50
151	0	0	6	0	50
150	0	0	6	0	50
148	0	0	6	0	50
147	0	0	6	0	50
147	0	0	6	0	50
145	0	0	6	0	50
144	0	0	6	0	50
143	0	0	6	0	50
142	0	0	6	0	50
141	0	0	6	0	50
140	0	0	6	0	50
138	0	0	6	0	50
137	0	0	6	0	50
137	0	0	6	0	50
136	0	0	6	0	50
133	0	0	6	0	50
131	0	0	6	0	50
129	0	0	6	0	50
128	0	0	6	0	50
125	0	0	6	0	50
125	0	0	7	0	50
124	50	0	7	0	50
124	64	0	7	0	50
125	61	0	7	0	50
124	61	0	7	0	50
122	69	0	7	0	1842
123	74	0	7	0	50
121	71	0	7	0	50
123	64	0	7	0	50
123	64	0	7	0	50
123	69	0	7	0	50
123	69	0	7	0	50
123	69	0	7	0	50
121	69	0	7	0	50
120	0	0	7	0	50
119	0	0	7	0	50
117	0	0	7	0	50
116	0	0	7	0	50
116	0	0	7	0	50
116	0	0	7	0	50
116	38	0	6	0	50
116	73	0	6	0	50
117	97	0	6	0	50
116	97	0	6	0	50
115	94	0	6	0	50
114	96	33	6	0	50
114	93	33	6	47	2110
113	93	33	6	47	2110
113	89	33	6	51	1848
113	91	31	6	51	1848
112	89	31	6	49	1845
113	88	31	6	49	1845
112	88	31	6	47	1844
112	89	31	6	47	1844
112	89	31	6	46	1843
112	88	31	6	46	1843
112	57	30	6	35	1851
110	57	0	6	0	50
110	57	0	6	0	50
110	57	0	6	0	50
112	0	0	6	0	50
112	0	0	6	0	50
112	70	0	6	0	50
111	78	0	6	0	50
111	86	0	6	0	50
110	86	0	6	0	50
110	86	29	6	38	1337
111	82	29	6	38	1337
111	81	29	6	42	1335
111	84	0	6	0	50
113	84	0	6	0	50
112	81	0	6	0	50
112	82	0	6	0	50
108	82	0	6	0	50
108	82	0	6	0	50
105	83	0	6	0	50
105	81	0	6	0	50
105	85	0	6	0	50
106	85	0	6	0	50
107	79	0	6	0	50
107	81	0	6	0	50
108	83	0	6	0	50
108	87	0	6	0	50
108	89	0	6	0	50
106	92	30	6	41	1334
105	89	30	6	45	1333
105	87	31	6	45	1333
106	87	31	6	45	1589
106	85	31	6	45	1589
107	88	31	6	46	1588
107	87	30	6	46	1588
107	87	30	6	44	1844
107	86	30	6	44	1844
105	89	30	6	44	1844
104	85	30	6	44	1844
104	87	30	6	44	1844
103	83	30	6	44	1844
104	82	30	6	43	1586
106	85	0	6	0	50
106	84	0	6	0	50
108	91	29	7	41	1587
108	93	29	7	44	1333
106	92	31	7	44	1333
106	90	31	7	48	1333
105	91	32	7	48	1333
105	94	32	7	48	1589
105	92	31	7	48	1589
106	91	31	7	49	1589
107	88	30	7	49	1589
107	88	30	7	48	1589
108	87	30	7	46	1588
109	93	30	7	46	1588
106	93	32	7	46	1588
105	93	32	7	46	1588
103	90	31	7	46	1845
102	90	31	7	45	1844
102	90	31	6	45	1844
103	95	31	6	45	1844
104	95	31	6	47	2102
105	95	32	6	47	2102
106	99	33	6	49	2103
108	107	34	6	49	2103
108	115	34	6	54	1848
108	114	36	6	54	1848
108	110	38	6	55	1594
107	115	39	6	58	1848
106	129	41	6	58	1848
105	137	45	6	59	2359
106	147	50	6	63	2621
107	148	56	6	63	2621
108	148	60	6	72	3383
108	148	61	6	74	3640
109	148	64	6	76	3639
110	145	64	6	77	3643
110	147	63	6	77	3895
110	144	62	6	78	4148
109	144	61	6	77	4148
109	143	61	6	79	4146
109	141	60	6	70	4404
108	139	60	6	71	4405
109	137	59	6	75	4148
109	137	59	7	78	4148
110	138	58	7	73	3894
110	138	58	7	75	3639
111	139	58	7	70	4153
110	137	58	7	69	4411
110	136	58	7	75	4410
109	137	58	7	74	4403
109	135	58	7	69	4143
108	134	58	7	71	3893
108	132	57	7	70	3895
109	131	56	7	63	3891
111	130	56	7	63	3891
111	134	56	7	66	4408
112	132	56	7	66	3640
111	127	55	7	71	3898
111	124	53	7	66	4412
110	125	52	7	65	4665
108	125	52	7	65	4665
108	125	53	7	59	5430
107	132	55	7	65	4668
108	147	55	7	65	4668
109	151	57	7	69	4417
110	151	61	7	69	4417
110	150	63	7	81	4925
111	152	64	7	82	4922
110	156	65	7	83	5433
109	156	66	7	85	5946
110	156	66	7	90	5689
108	155	66	7	89	6200
109	154	66	7	90	6455
109	153	65	7	91	6201
110	152	65	7	91	6202
110	154	64	7	90	5945
110	154	64	7	89	5943
110	155	66	7	88	5177
110	155	66	6	89	5176
110	155	66	6	89	5431
110	156	66	6	91	5943
110	156	66	6	91	6198
111	154	66	6	89	6195
110	153	66	6	90	5941
111	153	65	6	89	5430
112	155	65	6	89	5943
113	156	66	6	88	5173
113	156	67	6	87	4661
114	157	67	6	86	4917
114	158	67	6	88	4660
114	157	67	6	89	4154
113	156	66	6	89	3897
113	155	66	6	88	4150
113	153	66	6	85	4406
111	154	65	6	84	4152
111	153	65	6	84	4152
110	151	65	6	84	3896
109	151	64	6	84	3639
110	149	63	6	84	4917
110	149	64	6	84	4661
110	151	64	6	81	5168
110	150	64	6	81	4401
110	148	63	6	81	4660
109	148	63	6	81	4406
110	147	63	6	80	4405
109	148	63	6	79	4148
110	147	63	6	79	4148
109	148	63	6	79	4150
109	146	63	6	79	4407
108	148	62	6	78	4403
109	148	62	6	84	4664
110	149	63	6	81	4918
110	146	63	6	80	4659
110	144	62	6	82	4407
109	141	61	6	81	3895
108	141	61	6	75	3897
107	145	61	6	77	3642
106	147	61	6	78	3643
106	145	62	6	79	3900
107	147	62	6	84	4155
108	146	62	6	80	4409
108	146	62	6	80	4662
110	146	62	6	79	4661
110	144	62	6	79	4659
110	143	62	6	81	4658
109	147	61	6	79	4660
110	148	62	6	77	4408
108	148	63	6	78	3897
108	151	63	7	77	4408
109	151	64	7	80	4401
109	151	64	7	77	4407
109	150	64	7	77	4151
109	150	64	7	78	4151
110	153	63	7	80	4151
110	157	65	7	78	4406
110	159	66	7	81	4406
109	158	68	7	81	4406
109	159	68	7	83	3640
109	158	68	7	86	3638
108	158	67	7	91	3896
107	159	67	7	91	3639
108	159	68	7	94	3637
108	160	68	7	94	3637
110	160	68	7	94	3890
110	159	69	7	91	3635
111	162	69	7	94	3637
111	160	68	7	95	3639
111	161	68	7	92	4149
111	161	69	7	93	4658
110	161	68	7	94	4657
111	160	68	7	94	4657
111	161	68	7	95	4149
111	163	68	7	96	4151
112	162	69	7	93	4150
112	161	69	7	93	4147
112	160	69	7	93	4657
112	161	68	7	95	4401
111	160	68	7	95	4660
111	162	68	7	95	4918
110	162	69	7	92	4916
110	162	69	7	93	4658
111	161	69	7	93	4405
111	160	69	7	94	4404
112	160	68	7	93	4147
111	159	68	7	95	4147
111	159	68	7	95	4149
111	159	68	7	96	3636
110	159	68	7	97	3640
110	158	67	6	96	3385
109	159	67	6	96	3384
109	158	67	6	92	3893
109	158	67	6	92	3889
109	157	67	6	91	4147
110	157	67	6	90	4149
110	159	67	6	90	4146
111	159	68	6	91	4658
110	159	67	6	93	4400
110	159	68	6	92	4405
110	160	68	6	91	4151
110	160	68	6	90	4405
112	160	68	6	92	4661
111	158	68	6	91	4406
112	159	67	6	89	4148
111	168	68	6	89	3894
110	174	66	6	88	4148
110	176	68	6	91	4150
109	179	69	6	91	4660
110	180	69	6	100	4658
111	181	70	6	102	5425
111	180	70	6	103	5937
111	180	70	6	104	5941
111	180	69	6	106	5175
112	180	69	6	107	4916
113	179	69	6	107	4916
113	178	69	6	108	5430
113	176	68	6	106	5426
113	177	68	6	104	5168
113	177	68	6	101	5168
112	175	68	6	100	4402
112	175	67	6	100	4915
111	178	68	6	99	4913
112	179	68	6	101	4915
112	180	69	6	102	4405
113	181	69	6	102	4660
113	182	70	7	104	4658
113	183	70	7	106	4148
113	184	70	7	107	4915
113	184	71	7	111	4658
113	184	71	7	111	4658
112	184	71	7	112	4149
112	185	71	7	108	4149
112	187	72	7	108	4916
113	187	72	7	108	4918
113	186	72	7	113	4660
113	186	72	7	115	4917
113	186	72	7	114	4914
113	188	72	7	113	4912
113	189	72	7	113	4663
114	191	73	7	117	4913
114	193	73	7	116	4913
114	190	74	7	118	5169
114	192	73	7	119	5168
114	194	73	7	117	4910
114	194	75	7	121	4918
114	193	75	7	124	4920
114	191	74	7	123	4918
113	185	73	7	121	4915
113	197	72	7	122	4660
113	192	74	7	123	5176
114	190	73	7	123	5176
114	186	73	7	125	4915
115	182	70	7	118	4662
115	178	68	7	117	4153
117	179	69	7	115	3375
119	180	68	7	111	3125
119	176	70	7	108	3120
120	172	70	7	108	3120
120	172	68	7	106	2870
120	174	66	7	105	3126
120	173	67	7	101	3638
121	172	67	7	99	3637
121	172	66	7	98	3636
121	174	66	7	97	4403
120	174	67	7	99	3899
121	172	66	7	97	3644
120	170	66	7	97	3643
120	170	65	7	97	4152
120	170	65	7	94	4147
120	165	65	7	94	4406
119	166	64	7	90	4665
120	180	64	7	88	4155
120	191	67	7	88	4155
120	190	70	7	94	3897
120	190	72	7	102	4662
120	184	73	7	107	5170
120	173	71	7	112	4912
118	173	68	7	109	4659
118	183	67	7	104	4401
118	185	68	7	104	4663
119	183	70	7	106	3900
121	179	71	7	107	4157
121	180	70	7	106	4406
120	176	69	7	105	4915
121	173	68	7	107	4913
120	177	66	7	104	4914
121	178	66	7	100	5427
121	178	67	7	97	6195
121	176	68	7	98	5178
120	175	68	7	100	4664
120	178	67	7	98	4663
121	179	68	7	99	4403
123	180	69	7	104	4149
123	179	69	7	104	4149
124	178	69	7	104	4406
123	175	68	7	101	4150
124	169	66	7	97	4146
124	171	66	7	97	4146
124	172	66	7	95	4654
122	173	66	7	97	4913
120	174	66	7	97	4917
121	175	66	7	97	4917
120	175	67	7	97	4658
120	175	67	7	96	4656
120	174	67	7	98	4148
121	174	66	7	96	4403
120	173	66	7	96	4403
121	172	66	7	98	4916
123	173	66	7	97	5167
123	173	66	7	97	5679
122	171	67	7	95	5936
121	169	66	7	94	5939
119	168	65	7	91	6194
119	167	64	7	90	5943
121	168	64	7	89	5426
122	167	65	7	87	5940
122	166	64	7	86	5687
123	169	64	7	85	5941
124	167	65	7	82	6452
125	165	64	7	85	6452
124	166	63	7	82	6707
124	174	64	7	82	6707
124	186	66	7	85	6198
123	187	69	7	90	5944
120	189	70	7	90	5944
119	189	73	7	97	5179
119	190	73	7	108	3644
120	190	73	7	111	3895
120	189	73	7	112	3895
120	188	72	7	113	3890
119	186	72	7	111	3890
120	183	72	7	112	3632
119	179	71	7	111	3891
117	176	70	7	111	3379
115	173	68	7	110	3380
116	173	66	7	100	3638
116	172	66	7	100	3638
116	171	65	7	97	4152
116	169	64	7	96	4663
117	170	65	7	91	4661
118	170	66	7	88	4920
117	168	65	7	87	5179
117	166	64	7	87	5434
117	167	64	7	86	4658
118	168	64	7	86	4658
118	166	65	7	89	4918
117	160	64	7	92	4661
115	159	62	7	91	4660
116	161	62	7	92	4915
116	161	63	7	90	4156
118	161	63	7	86	3645
118	161	63	7	88	3644
118	162	63	7	88	4155
118	163	64	7	86	4410
117	165	64	7	87	4418
118	164	65	7	87	4420
118	163	64	7	85	4158
119	160	64	7	86	4149
118	159	63	7	82	3890
118	159	62	7	83	3898
118	158	63	7	88	3645
118	155	62	7	86	3643
117	154	61	7	83	4410
116	154	60	7	79	4919
115	153	60	7	72	5172
114	149	59	7	73	4409
113	152	58	7	80	3895
112	160	59	7	78	3644
112	163	62	7	83	3646
112	159	63	7	84	3899
114	157	63	7	86	3896
113	155	61	7	83	3637
112	156	60	7	78	3890
113	154	61	7	79	3386
112	152	60	7	79	3386
111	149	59	7	78	3390
110	150	58	7	75	3642
109	152	58	7	68	4407
111	153	60	7	71	3888
112	152	59	7	70	3883
111	151	59	7	70	3883
110	150	58	7	66	3885
109	149	59	7	67	3889
111	148	58	7	67	3633
111	146	57	7	73	3632
111	148	57	7	74	3632
112	150	59	7	76	3374
112	149	59	7	76	3374
111	145	58	7	73	3372
109	145	57	7	71	3629
107	152	57	7	65	4146
109	151	57	7	65	4146
109	146	59	7	73	3895
109	143	59	7	71	3646
109	144	56	7	70	3138
111	145	56	7	74	2883
111	140	56	7	74	2883
112	137	55	7	79	3140
111	138	54	7	79	3140
113	142	54	7	84	3133
113	141	54	7	84	3133
113	136	55	7	81	2626
111	137	54	7	75	2627
111	139	54	7	75	2622
111	139	54	7	78	2875
111	138	54	7	80	2620
111	138	54	7	76	3136
110	140	54	7	81	3131
112	136	54	7	81	3131
113	128	54	7	80	3136
111	107	53	7	83	2882
106	91	50	7	73	2626
104	91	47	7	64	2374
103	91	0	7	0	50
